0.0000 0.0000 0.0000 0.0000 0.0000 0.0000 0.0000 0.0000 0.0000 0.0000 0.0000 0.0000 
0.0000 0.3013 0.3135 0.0000 0.4809 0.5064 0.5333 0.5616 0.5914 0.6228 0.6560 0.0000 
0.0000 0.3175 0.3344 0.0000 0.4565 0.0000 0.5007 0.5245 0.0000 0.0000 0.6912 0.0000 
0.0000 0.0000 0.3522 0.0000 0.4335 0.0000 0.0000 0.0000 0.0000 0.6933 0.7281 0.0000 
0.0000 0.3439 0.3710 0.3908 0.4116 0.3861 0.0000 0.6271 0.6835 0.7328 0.7687 0.0000 
0.0000 0.3153 0.3476 0.3645 0.3809 0.3503 0.0000 0.6514 0.7143 0.7725 0.8119 0.0000 
0.0000 0.0000 0.0000 0.0000 0.0000 0.3168 0.0000 0.6116 0.0000 0.8139 0.8570 0.0000 
0.0000 0.1851 0.1727 0.1999 0.2416 0.2804 0.0000 0.5602 0.0000 0.8535 0.9023 0.0000 
0.0000 0.2128 0.0000 0.0000 0.0000 0.0000 0.0000 0.5104 0.0000 0.8968 0.9497 0.0000 
0.0000 0.2417 0.2724 0.3007 0.3262 0.0000 0.4146 0.4711 0.0000 0.9445 0.9998 0.0000 
0.0000 0.2203 0.2449 0.0000 0.3528 0.3803 0.4079 0.4426 0.0000 0.9808 0.0000 0.0000 
0.0000 0.0000 0.0000 0.0000 0.0000 0.0000 0.0000 0.0000 0.0000 0.0000 0.0000 0.0000 
