 0.0000
 0.0000
 0.0000
 0.0000
 0.0000
 0.0000
 0.0000
 0.0000
 0.0000
 0.0000
 0.0000
 0.0000
 0.0000
 0.0000
 0.0000
 0.0000
 0.0000
 0.0000
 0.0000
 0.0000
 0.0000
 0.0000
 0.0000
 0.0000
 0.0000
 0.0000
 0.0000
 0.0000
 0.0000
 0.0000
 0.0000
 0.0000
 0.0000
 0.0000
 0.0000
 0.0000
 0.0000
 0.0000
 0.0000
 0.0000
 0.0000
 0.0000
 0.0000
 0.0000
 0.0000
 0.0000
 0.0000
 0.0000
 0.0000
 0.0000
 0.0000
 0.0000
 0.0000
 0.0000
 0.0000
 0.0000
 0.0000
 0.0000
 0.0000
 0.0000
 0.0000
 0.0000
 0.0000
 0.0000
 0.0000
 0.0000
 0.0000
 0.0000
 0.0000
 0.0000
 0.0000
 0.0000
 0.0000
 0.0000
 0.0000
 0.0000
 0.0000
 0.0000
 0.0000
 0.0000
 0.0000
 0.0000
 0.0000
 0.0001
 0.0001
 0.0001
 0.0001
 0.0001
 0.0001
 0.0001
 0.0001
 0.0001
 0.0001
 0.0001
 0.0001
 0.0001
 0.0001
 0.0001
 0.0001
 0.0001
 0.0002
 0.0002
 0.0002
 0.0002
 0.0002
 0.0002
 0.0002
 0.0002
 0.0003
 0.0003
 0.0003
 0.0003
 0.0004
 0.0004
 0.0004
 0.0005
 0.0005
 0.0006
 0.0006
 0.0006
 0.0007
 0.0009
 0.0010
 0.0011
 0.0013
 0.0014
 0.0016
 0.0018
 0.0019
 0.0020
 0.0022
 0.0023
 0.0024
 0.0026
 0.0027
 0.0028
 0.0030
 0.0032
 0.0034
 0.0036
 0.0038
 0.0041
 0.0042
 0.0042
 0.0045
 0.0047
 0.0048
 0.0049
 0.0050
 0.0051
 0.0052
 0.0055
 0.0058
 0.0061
 0.0065
 0.0069
 0.0070
 0.0075
 0.0080
 0.0081
 0.0087
 0.0088
 0.0091
 0.0095
 0.0100
 0.0106
 0.0112
 0.0119
 0.0123
 0.0130
 0.0134
 0.0140
 0.0143
 0.0148
 0.0153
 0.0156
 0.0162
 0.0168
 0.0175
 0.0172
 0.0173
 0.0177
 0.0183
 0.0188
 0.0187
 0.0194
 0.0196
 0.0199
 0.0200
 0.0201
 0.0203
 0.0202
 0.0205
 0.0208
 0.0211
 0.0209
 0.0209
 0.0210
 0.0211
 0.0211
 0.0213
 0.0216
 0.0220
 0.0223
 0.0226
 0.0230
 0.0233
 0.0237
 0.0242
 0.0248
 0.0256
 0.0264
 0.0275
 0.0287
 0.0302
 0.0318
 0.0337
 0.0357
 0.0379
 0.0403
 0.0429
 0.0457
 0.0486
 0.0441
 0.0472
 0.0509
 0.0549
 0.0592
 0.0635
 0.0678
 0.0721
 0.0655
 0.0714
 0.0771
 0.0826
 0.0771
 0.0837
 0.0900
 0.0864
 0.0932
 0.0997
 0.1058
 0.1115
 0.1169
 0.1220
 0.1267
 0.1312
 0.1355
 0.1396
 0.1435
 0.1472
 0.1508
 0.1544
 0.1578
 0.1611
 0.1644
 0.1676
 0.1708
 0.1740
 0.1771
 0.1802
 0.1832
 0.1599
 0.1688
 0.1764
 0.1831
 0.1890
 0.1942
 0.1990
 0.2034
 0.2076
 0.2115
 0.1884
 0.1979
 0.2060
 0.2131
 0.1971
 0.2072
 0.2158
 0.2233
 0.2297
 0.2353
 0.2403
 0.2448
 0.2489
 0.2526
 0.2561
 0.2593
 0.2381
 0.2464
 0.2533
 0.2591
 0.2640
 0.2682
 0.2718
 0.2750
 0.2778
 0.2803
 0.2826
 0.2846
 0.2693
 0.2750
 0.2796
 0.2834
 0.2865
 0.2891
 0.2913
 0.2932
 0.2948
 0.2961
 0.2973
 0.2984
 0.2993
 0.3001
 0.3008
 0.3015
 0.3021
 0.3026
 0.3031
 0.3035
 0.3039
 0.3042
 0.3045
 0.3048
 0.3051
 0.3053
 0.3055
 0.3057
 0.3059
 0.3060
 0.3061
 0.3062
 0.2968
 0.2992
 0.3010
 0.3022
 0.3031
 0.3036
 0.3039
 0.3041
 0.3040
 0.3039
 0.3036
 0.3033
 0.2996
 0.2984
 0.2978
 0.2975
 0.2975
 0.2975
 0.2976
 0.2978
 0.2979
 0.2980
 0.2982
 0.2983
 0.2985
 0.2986
 0.2988
 0.2990
 0.2992
 0.2994
 0.2996
 0.2998
 0.3001
 0.3004
 0.3006
 0.3009
 0.3012
 0.3015
 0.3017
 0.3020
 0.3023
 0.3025
 0.3028
 0.3030
 0.3033
 0.3035
 0.3037
 0.3039
 0.3041
 0.3021
 0.3028
 0.3017
 0.3014
 0.3023
 0.3031
 0.3037
 0.3042
 0.3046
 0.3041
 0.3046
 0.3050
 0.3053
 0.3049
 0.3052
 0.3055
 0.3058
 0.3060
 0.3062
 0.3063
 0.3064
 0.3065
 0.3066
 0.3067
 0.3068
 0.3068
 0.3069
 0.3069
 0.3063
 0.3065
 0.3067
 0.3068
 0.3069
 0.3070
 0.3070
 0.3071
 0.3071
 0.3071
 0.3072
 0.3072
 0.3072
 0.3072
 0.3073
 0.3073
 0.3073
 0.3073
 0.3073
 0.3073
 0.3073
 0.3073
 0.3073
 0.3073
 0.3073
 0.3073
 0.3073
 0.3073
 0.3073
 0.3073
 0.3073
 0.3073
 0.3073
 0.3073
 0.3073
 0.3074
 0.3074
 0.3074
 0.3074
 0.3074
 0.3074
 0.3074
 0.3074
 0.3074
 0.3074
 0.3074
 0.3074
 0.3074
 0.3074
 0.3074
 0.3074
 0.3074
 0.3074
 0.3074
 0.3074
 0.3074
 0.3074
 0.3074
 0.3074
 0.3074
 0.3074
 0.3074
 0.3074
 0.3074
 0.3074
 0.3074
 0.3074
 0.3074
 0.3074
 0.3074
 0.3074
 0.3074
 0.3074
 0.3074
 0.3074
 0.3074
 0.3074
 0.3074
 0.3074
 0.3074
 0.3074
 0.3074
 0.3074
 0.3074
 0.3074
 0.3074
 0.3074
 0.3074
 0.3074
 0.3074
 0.3074
 0.3074
 0.3074
 0.3074
 0.3074
 0.3074
 0.3074
 0.3074
 0.3074
 0.3074
 0.3074
 0.3074
 0.3074
 0.3074
 0.3074
 0.3074
 0.3074
 0.3074
 0.3074
 0.3074
 0.3074
 0.3074
 0.3074
 0.3074
 0.3074
 0.3074
 0.3074
 0.3074
 0.3074
 0.3074
 0.3074
 0.3074
 0.3074
 0.3074
 0.3074
 0.3074
 0.3074
 0.3074
 0.3074
 0.3074
 0.3074
 0.3074
 0.3074
 0.3074
 0.3074
 0.3074
 0.3074
 0.3074
 0.3074
 0.3074
 0.3074
 0.3074
 0.3074
 0.3074
 0.3074
 0.3074
 0.3074
 0.3074
 0.3074
 0.3074
 0.3074
 0.3074
 0.3074
 0.3074
 0.3074
 0.3074
 0.3074
 0.3074
 0.3074
 0.3074
 0.3074
 0.3074
 0.3074
 0.3074
 0.3074
 0.3074
 0.3074
 0.3074
 0.3074
 0.3074
 0.3074
 0.3074
 0.3074
 0.3074
 0.3074
 0.3074
 0.3074
 0.3074
 0.3074
 0.3074
 0.3074
 0.3074
 0.3074
 0.3074
 0.3074
 0.3074
 0.3074
 0.3074
 0.3074
 0.3074
 0.3074
 0.3074
 0.3074
 0.3074
 0.3074
 0.3074
 0.3074
 0.3074
 0.3074
 0.3074
 0.3074
 0.3074
 0.3074
 0.3074
 0.3074
 0.3074
 0.3074
 0.3074
 0.3074
 0.3074
 0.3074
 0.3074
 0.3074
 0.3074
 0.3074
 0.3074
 0.3074
 0.3074
 0.3074
 0.3074
 0.3074
 0.3074
 0.3074
 0.3074
 0.3074
 0.3074
 0.3074
 0.3074
 0.3074
 0.3074
 0.3074
 0.3074
 0.3074
 0.3074
 0.3074
 0.3074
 0.3074
 0.3074
 0.3074
 0.3074
 0.3074
 0.3074
 0.3074
 0.3074
 0.3074
 0.3074
 0.3074
 0.3074
 0.3074
 0.3074
 0.3074
 0.3074
 0.3074
 0.3074
 0.3074
 0.3074
 0.3074
 0.3074
 0.3074
 0.3074
 0.3074
 0.3074
 0.3074
 0.3074
 0.3074
 0.3074
 0.3074
 0.3074
 0.3074
 0.3074
 0.3074
 0.3074
 0.3074
 0.3074
 0.3074
 0.3074
 0.3074
 0.3074
 0.3074
 0.3074
 0.3074
 0.3074
 0.3074
 0.3074
 0.3074
 0.3074
 0.3074
 0.3074
 0.3074
 0.3074
 0.3074
 0.3074
 0.3074
 0.3074
 0.3074
 0.3074
 0.3074
 0.3074
 0.3074
 0.3074
 0.3074
 0.3074
 0.3074
 0.3074
 0.3074
 0.3074
 0.3074
 0.3074
 0.3074
 0.3074
 0.3074
 0.3074
 0.3074
 0.3074
 0.3074
 0.3074
 0.3074
 0.3074
 0.3074
 0.3074
 0.3074
 0.3074
 0.3074
 0.3074
 0.3074
 0.3074
 0.3074
 0.3074
 0.3074
 0.3074
 0.3074
 0.3074
 0.3074
 0.3074
 0.3074
 0.3074
 0.3074
 0.3074
 0.3074
 0.3074
 0.3074
 0.3074
 0.3074
 0.3074
 0.3074
 0.3074
 0.3074
 0.3074
 0.3074
 0.3074
 0.3074
 0.3074
 0.3074
 0.3074
 0.3074
 0.3074
 0.3074
 0.3074
 0.3074
 0.3074
 0.3074
 0.3074
 0.3074
 0.3074
 0.3074
 0.3074
 0.3074
 0.3074
 0.3074
 0.3074
 0.3074
 0.3074
 0.3074
 0.3074
 0.3074
 0.3074
 0.3074
 0.3074
 0.3074
 0.3074
 0.3074
 0.3074
 0.3074
 0.3074
 0.3074
 0.3074
 0.3074
 0.3074
 0.3074
 0.3074
 0.3074
 0.3074
 0.3074
 0.3074
 0.3074
 0.3074
 0.3074
 0.3074
 0.3074
 0.3074
 0.3074
 0.3074
 0.3074
 0.3074
 0.3074
 0.3074
 0.3074
 0.3074
 0.3074
 0.3074
 0.3074
 0.3074
 0.3074
 0.3074
 0.3074
 0.3074
 0.3074
 0.3074
 0.3074
 0.3074
 0.3074
 0.3074
 0.3074
 0.3074
 0.3074
 0.3074
 0.3074
 0.3074
 0.3074
 0.3074
 0.3074
 0.3074
 0.3074
 0.3074
 0.3074
 0.3074
 0.3074
 0.3074
 0.3074
 0.3074
 0.3074
 0.3074
 0.3074
 0.3074
 0.3074
 0.3074
 0.3074
 0.3074
 0.3074
 0.3074
 0.3074
 0.3074
 0.3074
 0.3074
 0.3074
 0.3074
 0.3074
 0.3074
 0.3074
 0.3074
 0.3074
 0.3074
 0.3074
 0.3074
 0.3074
 0.3074
 0.3074
 0.3074
 0.3074
 0.3074
 0.3074
 0.3074
 0.3074
 0.3074
 0.3074
 0.3074
 0.3074
 0.3074
 0.3074
 0.3074
 0.3074
 0.3074
 0.3074
 0.3074
 0.3074
 0.3074
 0.3074
 0.3074
 0.3074
 0.3074
 0.3074
 0.3074
 0.3074
 0.3074
 0.3074
 0.3074
 0.3074
 0.3074
 0.3074
 0.3074
 0.3074
 0.3074
 0.3074
 0.3074
 0.3074
 0.3074
 0.3074
 0.3074
 0.3074
 0.3074
 0.3074
 0.3074
 0.3074
 0.3074
 0.3074
 0.3074
 0.3074
 0.3074
 0.3074
 0.3074
 0.3074
 0.3074
 0.3074
 0.3074
 0.3074
 0.3074
 0.3074
 0.3074
 0.3074
 0.3074
 0.3074
 0.3074
 0.3074
 0.3074
 0.3074
 0.3074
 0.3074
 0.3074
 0.3074
 0.3074
 0.3074
 0.3074
 0.3074
 0.3074
 0.3074
 0.3074
 0.3074
 0.3074
 0.3074
 0.3074
 0.3074
 0.3074
 0.3074
 0.3074
 0.3074
 0.3074
 0.3074
 0.3074
 0.3074
 0.3074
 0.3074
 0.3074
 0.3074
 0.3074
 0.3074
 0.3074
 0.3074
 0.3074
 0.3074
 0.3074
 0.3074
 0.3074
 0.3074
 0.3074
 0.3074
 0.3074
 0.3074
 0.3074
 0.3074
 0.3074
 0.3074
 0.3074
 0.3074
 0.3074
 0.3074
 0.3074
 0.3074
 0.3074
 0.3074
 0.3074
 0.3074
 0.3074
 0.3074
 0.3074
 0.3074
 0.3074
 0.3074
 0.3074
 0.3074
 0.3074
 0.3074
 0.3074
 0.3074
 0.3074
 0.3074
 0.3074
 0.3074
 0.3074
 0.3074
 0.3074
 0.3074
 0.3074
 0.3074
 0.3074
 0.3074
 0.3074
 0.3074
 0.3074
 0.3074
 0.3074
 0.3074
 0.3074
 0.3074
 0.3074
 0.3074
 0.3074
 0.3074
 0.3074
 0.3074
 0.3074
 0.3074
 0.3074
 0.3074
 0.3074
 0.3074
 0.3074
 0.3074
 0.3074
 0.3074
 0.3074
 0.3074
 0.3074
 0.3074
 0.3074
 0.3074
 0.3074
 0.3074
 0.3074
 0.3074
 0.3074
 0.3074
 0.3074
 0.3074
 0.3074
 0.3074
 0.3074
 0.3074
 0.3074
 0.3074
 0.3074
 0.3074
 0.3074
 0.3074
 0.3074
 0.3074
 0.3074
 0.3074
 0.3074
 0.3074
 0.3074
 0.3074
 0.3074
 0.3074
 0.3074
 0.3074
 0.3074
 0.3074
 0.3074
 0.3074
 0.3074
 0.3074
 0.3074
 0.3074
 0.3074
 0.3074
 0.3074
 0.3074
 0.3074
 0.3074
 0.3074
 0.3074
 0.3074
 0.3074
 0.3074
 0.3074
 0.3074
 0.3074
 0.3074
 0.3074
 0.3074
 0.3074
 0.3074
 0.3074
 0.3074
 0.3074
 0.3074
 0.3074
 0.3074
 0.3074
 0.3074
 0.3074
 0.3074
 0.3074
 0.3074
 0.3074
 0.3074
 0.3074
 0.3074
 0.3074
 0.3074
 0.3074
 0.3074
 0.3074
 0.3074
 0.3074
 0.3074
 0.3074
 0.3074
 0.3074
 0.3074
 0.3074
 0.3074
 0.3074
 0.3074
 0.3074
 0.3074
 0.3074
 0.3074
 0.3074
 0.3074
 0.3074
 0.3074
 0.3074
 0.3074
 0.3074
 0.3074
 0.3074
 0.3074
 0.3074
 0.3074
 0.3074
 0.3074
 0.3074
 0.3074
 0.3074
 0.3074
 0.3074
 0.3074
 0.3074
 0.3074
 0.3074
 0.3074
 0.3074
 0.3074
 0.3074
 0.3074
 0.3074
 0.3074
 0.3074
 0.3074
 0.3074
 0.3074
 0.3074
 0.3074
 0.3074
 0.3074
 0.3074
 0.3074
 0.3074
 0.3074
 0.3074
 0.3074
 0.3074
 0.3074
 0.3074
 0.3074
 0.3074
 0.3074
 0.3074
 0.3074
 0.3074
 0.3074
 0.3074
 0.3074
 0.3074
 0.3074
 0.3074
 0.3074
 0.3074
 0.3074
 0.3074
 0.3074
 0.3074
 0.3074
 0.3074
 0.3074
 0.3074
 0.3074
 0.3074
 0.3074
 0.3074
 0.3074
 0.3074
 0.3074
 0.3074
 0.3074
 0.3074
 0.3074
 0.3074
 0.3074
 0.3074
 0.3074
 0.3074
 0.3074
 0.3074
 0.3074
 0.3074
 0.3074
 0.3074
 0.3074
 0.3074
 0.3074
 0.3074
 0.3074
 0.3074
 0.3074
 0.3074
 0.3074
 0.3074
 0.3074
 0.3074
 0.3074
 0.3074
 0.3074
 0.3074
 0.3074
 0.3074
 0.3074
 0.3074
 0.3074
 0.3074
 0.3074
 0.3074
 0.3074
 0.3074
 0.3074
 0.3074
 0.3074
 0.3074
 0.3074
 0.3074
 0.3074
 0.3074
 0.3074
 0.3074
 0.3074
 0.3074
 0.3074
 0.3074
 0.3074
 0.3074
 0.3074
 0.3074
 0.3074
 0.3074
 0.3074
 0.3074
 0.3074
 0.3074
 0.3074
 0.3074
 0.3074
 0.3074
 0.3074
 0.3074
 0.3074
 0.3074
 0.3074
 0.3074
 0.3074
 0.3074
 0.3074
 0.3074
 0.3074
 0.3074
 0.3074
 0.3074
 0.3074
 0.3074
 0.3074
 0.3074
 0.3074
 0.3074
 0.3074
 0.3074
 0.3074
 0.3074
 0.3074
 0.3074
 0.3074
 0.3074
 0.3074
 0.3074
 0.3074
 0.3074
 0.3074
 0.3074
 0.3074
 0.3074
 0.3074
 0.3074
 0.3074
 0.3074
 0.3074
 0.3074
 0.3074
 0.3074
 0.3074
 0.3074
 0.3074
 0.3074
 0.3074
 0.3074
 0.3074
 0.3074
 0.3074
 0.3074
 0.3074
 0.3074
 0.3074
 0.3074
 0.3074
 0.3074
 0.3074
 0.3074
 0.3074
 0.3074
 0.3074
 0.3074
 0.3074
 0.3074
 0.3074
 0.3074
 0.3074
 0.3074
 0.3074
 0.3074
 0.3074
 0.3074
 0.3074
 0.3074
 0.3074
 0.3074
 0.3074
 0.3074
 0.3074
 0.3074
 0.3074
 0.3074
 0.3074
 0.3074
 0.3074
 0.3074
 0.3074
 0.3074
 0.3074
 0.3074
 0.3074
 0.3074
 0.3074
 0.3074
 0.3074
 0.3074
 0.3074
 0.3074
 0.3074
 0.3074
 0.3074
 0.3074
 0.3074
 0.3074
 0.3074
 0.3074
 0.3074
 0.3074
 0.3074
 0.3074
 0.3074
 0.3074
 0.3074
 0.3074
 0.3074
 0.3074
 0.3074
 0.3074
 0.3074
 0.3074
 0.3074
 0.3074
 0.3074
 0.3074
 0.3074
 0.3074
 0.3074
 0.3074
 0.3074
 0.3074
 0.3074
 0.3074
 0.3074
 0.3074
 0.3074
 0.3074
 0.3074
 0.3074
 0.3074
 0.3074
 0.3074
 0.3074
 0.3074
 0.3074
 0.3074
 0.3074
 0.3074
 0.3074
 0.3074
 0.3074
 0.3074
 0.3074
 0.3074
 0.3074
 0.3074
 0.3074
 0.3074
 0.3074
 0.3074
 0.3074
 0.3074
 0.3074
 0.3074
 0.3074
 0.3074
 0.3074
 0.3074
 0.3074
 0.3074
 0.3074
 0.3074
 0.3074
 0.3074
 0.3074
 0.3074
 0.3074
 0.3074
 0.3074
 0.3074
 0.3074
 0.3074
 0.3074
 0.3074
 0.3074
 0.3074
 0.3074
 0.3074
 0.3074
 0.3074
 0.3074
 0.3074
 0.3074
 0.3074
 0.3074
 0.3074
 0.3074
 0.3074
 0.3074
 0.3074
 0.3074
 0.3074
 0.3074
 0.3074
 0.3074
 0.3074
 0.3074
 0.3074
 0.3074
 0.3074
 0.3074
 0.3074
 0.3074
 0.3074
 0.3074
 0.3074
 0.3074
 0.3074
 0.3074
 0.3074
 0.3074
 0.3074
 0.3074
 0.3074
 0.3074
 0.3074
 0.3074
 0.3074
 0.3074
 0.3074
 0.3074
 0.3074
 0.3074
 0.3074
 0.3074
 0.3074
 0.3074
 0.3074
 0.3074
 0.3074
 0.3074
 0.3074
 0.3074
 0.3074
 0.3074
 0.3074
 0.3074
 0.3074
 0.3074
 0.3074
 0.3074
 0.3074
 0.3074
 0.3074
 0.3074
 0.3074
 0.3074
 0.3074
 0.3074
 0.3074
 0.3074
 0.3074
 0.3074
 0.3074
 0.3074
 0.3074
 0.3074
 0.3074
 0.3074
 0.3074
 0.3074
 0.3074
 0.3074
 0.3074
 0.3074
 0.3074
 0.3074
 0.3074
 0.3074
 0.3074
 0.3074
 0.3074
 0.3074
 0.3074
 0.3074
 0.3074
 0.3074
 0.3074
 0.3074
 0.3074
 0.3074
 0.3074
 0.3074
 0.3074
 0.3074
 0.3074
 0.3074
 0.3074
 0.3074
 0.3074
 0.3074
 0.3074
 0.3074
 0.3074
 0.3074
 0.3074
 0.3074
 0.3074
 0.3074
 0.3074
 0.3074
 0.3074
 0.3074
 0.3074
 0.3074
 0.3074
 0.3074
 0.3074
 0.3074
 0.3074
 0.3074
 0.3074
 0.3074
 0.3074
 0.3074
 0.3074
 0.3074
 0.3074
 0.3074
 0.3074
 0.3074
 0.3074
 0.3074
 0.3074
 0.3074
 0.3074
 0.3074
 0.3074
 0.3074
 0.3074
 0.3074
 0.3074
 0.3074
 0.3074
 0.3074
 0.3074
 0.3074
 0.3074
 0.3074
 0.3074
 0.3074
 0.3074
 0.3074
 0.3074
 0.3074
 0.3074
 0.3074
 0.3074
 0.3074
 0.3074
 0.3074
 0.3074
 0.3074
 0.3074
 0.3074
 0.3074
 0.3074
 0.3074
 0.3074
 0.3074
 0.3074
 0.3074
 0.3074
 0.3074
 0.3074
 0.3074
 0.3074
 0.3074
 0.3074
 0.3074
 0.3074
 0.3074
 0.3074
 0.3074
 0.3074
 0.3074
 0.3074
 0.3074
 0.3074
 0.3074
 0.3074
 0.3074
 0.3074
 0.3074
 0.3074
 0.3074
 0.3074
 0.3074
 0.3074
 0.3074
 0.3074
 0.3074
 0.3074
 0.3074
 0.3074
 0.3074
 0.3074
 0.3074
 0.3074
 0.3074
 0.3074
 0.3074
 0.3074
 0.3074
 0.3074
 0.3074
 0.3074
 0.3074
 0.3074
 0.3074
 0.3074
 0.3074
 0.3074
 0.3074
 0.3074
 0.3074
 0.3074
 0.3074
 0.3074
 0.3074
 0.3074
 0.3074
 0.3074
 0.3074
 0.3074
 0.3074
 0.3074
 0.3074
 0.3074
 0.3074
 0.3074
 0.3074
 0.3074
 0.3074
 0.3074
 0.3074
 0.3074
 0.3074
 0.3074
 0.3074
 0.3074
 0.3074
 0.3074
 0.3074
 0.3074
 0.3074
 0.3074
 0.3074
 0.3074
 0.3074
 0.3074
 0.3074
 0.3074
 0.3074
 0.3074
 0.3074
 0.3074
 0.3074
 0.3074
 0.3074
 0.3074
 0.3074
 0.3074
 0.3074
 0.3074
 0.3074
 0.3074
 0.3074
 0.3074
 0.3074
 0.3074
 0.3074
 0.3074
 0.3074
 0.3074
 0.3074
 0.3074
 0.3074
 0.3074
 0.3074
 0.3074
 0.3074
 0.3074
 0.3074
 0.3074
 0.3074
 0.3074
 0.3074
 0.3074
 0.3074
 0.3074
 0.3074
 0.3074
 0.3074
 0.3074
 0.3074
 0.3074
 0.3074
 0.3074
 0.3074
 0.3074
 0.3074
 0.3074
 0.3074
 0.3074
 0.3074
 0.3074
 0.3074
 0.3074
 0.3074
 0.3074
 0.3074
 0.3074
 0.3074
 0.3074
 0.3074
 0.3074
 0.3074
 0.3074
 0.3074
 0.3074
 0.3074
 0.3074
 0.3074
 0.3074
 0.3074
 0.3074
 0.3074
 0.3074
 0.3074
 0.3074
 0.3074
 0.3074
 0.3074
 0.3074
 0.3074
 0.3074
 0.3074
 0.3074
 0.3074
 0.3074
 0.3074
 0.3074
 0.3074
 0.3074
 0.3074
 0.3074
 0.3074
 0.3074
 0.3074
 0.3074
 0.3074
 0.3074
 0.3074
 0.3074
 0.3074
 0.3074
 0.3074
 0.3074
 0.3074
 0.3074
 0.3074
 0.3074
 0.3074
 0.3074
 0.3074
 0.3074
 0.3074
 0.3074
 0.3074
 0.3074
 0.3074
 0.3074
 0.3074
 0.3074
 0.3074
 0.3074
 0.3074
 0.3074
 0.3074
 0.3074
 0.3074
 0.3074
 0.3074
 0.3074
 0.3074
 0.3074
 0.3074
 0.3074
 0.3074
 0.3074
 0.3074
 0.3074
 0.3074
 0.3074
 0.3074
 0.3074
 0.3074
 0.3074
 0.3074
 0.3074
 0.3074
 0.3074
 0.3074
 0.3074
 0.3074
 0.3074
 0.3074
 0.3074
 0.3074
 0.3074
 0.3074
 0.3074
 0.3074
 0.3074
 0.3074
 0.3074
 0.3074
 0.3074
 0.3074
 0.3074
 0.3074
 0.3074
 0.3074
 0.3074
 0.3074
 0.3074
 0.3074
 0.3074
 0.3074
 0.3074
 0.3074
 0.3074
 0.3074
 0.3074
 0.3074
 0.3074
 0.3074
 0.3074
 0.3074
 0.3074
 0.3074
 0.3074
 0.3074
 0.3074
 0.3074
 0.3074
 0.3074
 0.3074
 0.3074
 0.3074
 0.3074
 0.3074
 0.3074
 0.3074
 0.3074
 0.3074
 0.3074
 0.3074
 0.3074
 0.3074
 0.3074
 0.3074
 0.3074
 0.3074
 0.3074
 0.3074
 0.3074
 0.3074
 0.3074
 0.3074
 0.3074
 0.3074
 0.3074
 0.3074
 0.3074
 0.3074
 0.3074
 0.3074
 0.3074
 0.3074
 0.3074
 0.3074
 0.3074
 0.3074
 0.3074
 0.3074
 0.3074
 0.3074
 0.3074
 0.3074
 0.3074
 0.3074
 0.3074
 0.3074
 0.3074
 0.3074
 0.3074
 0.3074
 0.3074
 0.3074
 0.3074
 0.3074
 0.3074
 0.3074
 0.3074
 0.3074
 0.3074
 0.3074
 0.3074
 0.3074
 0.3074
 0.3074
 0.3074
 0.3074
 0.3074
 0.3074
 0.3074
 0.3074
 0.3074
 0.3074
 0.3074
 0.3074
 0.3074
 0.3074
 0.3074
 0.3074
 0.3074
 0.3074
 0.3074
 0.3074
 0.3074
 0.3074
 0.3074
 0.3074
 0.3074
 0.3074
 0.3074
 0.3074
 0.3074
 0.3074
 0.3074
 0.3074
 0.3074
 0.3074
 0.3074
 0.3074
 0.3074
 0.3074
 0.3074
 0.3074
 0.3074
 0.3074
 0.3074
 0.3074
 0.3074
 0.3074
 0.3074
 0.3074
 0.3074
 0.3074
 0.3074
 0.3074
 0.3074
 0.3074
 0.3074
 0.3074
 0.3074
 0.3074
 0.3074
 0.3074
 0.3074
 0.3074
 0.3074
 0.3074
 0.3074
 0.3074
 0.3074
 0.3074
 0.3074
 0.3074
 0.3074
 0.3074
 0.3074
 0.3074
 0.3074
 0.3074
 0.3074
 0.3074
 0.3074
 0.3074
 0.3074
 0.3074
 0.3074
 0.3074
 0.3074
 0.3074
 0.3074
 0.3074
 0.3074
 0.3074
 0.3074
 0.3074
 0.3074
 0.3074
 0.3074
 0.3074
 0.3074
 0.3074
 0.3074
 0.3074
 0.3074
 0.3074
 0.3074
 0.3074
 0.3074
 0.3074
 0.3074
 0.3074
 0.3074
 0.3074
 0.3074
 0.3074
 0.3074
 0.3074
 0.3074
 0.3074
 0.3074
 0.3074
 0.3074
 0.3074
 0.3074
 0.3074
 0.3074
 0.3074
 0.3074
 0.3074
 0.3074
 0.3074
 0.3074
 0.3074
 0.3074
 0.3074
 0.3074
 0.3074
 0.3074
 0.3074
 0.3074
 0.3074
 0.3074
 0.3074
 0.3074
 0.3074
 0.3074
 0.3074
 0.3074
 0.3074
 0.3074
 0.3074
 0.3074
 0.3074
 0.3074
 0.3074
 0.3074
 0.3074
 0.3074
 0.3074
 0.3074
 0.3074
 0.3074
 0.3074
 0.3074
 0.3074
 0.3074
 0.3074
 0.3074
 0.3074
 0.3074
 0.3074
 0.3074
 0.3074
 0.3074
 0.3074
 0.3074
 0.3074
 0.3074
 0.3074
 0.3074
 0.3074
 0.3074
 0.3074
 0.3074
 0.3074
 0.3074
 0.3074
 0.3074
 0.3074
 0.3074
 0.3074
 0.3074
 0.3074
 0.3074
 0.3074
 0.3074
 0.3074
 0.3074
 0.3074
 0.3074
 0.3074
 0.3074
 0.3074
 0.3074
 0.3074
 0.3074
 0.3074
 0.3074
 0.3074
 0.3074
 0.3074
 0.3074
 0.3074
 0.3074
 0.3074
 0.3074
 0.3074
 0.3074
 0.3074
 0.3074
 0.3074
 0.3074
 0.3074
 0.3074
 0.3074
 0.3074
 0.3074
 0.3074
 0.3074
 0.3074
 0.3074
 0.3074
 0.3074
 0.3074
 0.3074
 0.3074
 0.3074
 0.3074
 0.3074
 0.3074
 0.3074
 0.3074
 0.3074
 0.3074
 0.3074
 0.3074
 0.3074
 0.3074
 0.3074
 0.3074
 0.3074
 0.3074
 0.3074
 0.3074
 0.3074
 0.3074
 0.3074
 0.3074
 0.3074
 0.3074
 0.3074
 0.3074
 0.3074
 0.3074
 0.3074
 0.3074
 0.3074
 0.3074
 0.3074
 0.3074
 0.3074
 0.3074
 0.3074
 0.3074
 0.3074
 0.3074
 0.3074
 0.3074
 0.3074
 0.3074
 0.3074
 0.3074
 0.3074
 0.3074
 0.3074
 0.3074
 0.3074
 0.3074
 0.3074
 0.3074
 0.3074
 0.3074
 0.3074
 0.3074
 0.3074
 0.3074
 0.3074
 0.3074
 0.3074
 0.3074
 0.3074
 0.3074
 0.3074
 0.3074
 0.3074
 0.3074
 0.3074
 0.3074
 0.3074
 0.3074
 0.3074
 0.3074
 0.3074
 0.3074
 0.3074
 0.3074
 0.3074
 0.3074
 0.3074
 0.3074
 0.3074
 0.3074
 0.3074
 0.3074
 0.3074
 0.3074
 0.3074
 0.3074
 0.3074
 0.3074
 0.3074
 0.3074
 0.3074
 0.3074
 0.3074
 0.3074
 0.3074
 0.3074
 0.3074
 0.3074
 0.3074
 0.3074
 0.3074
 0.3074
 0.3074
 0.3074
 0.3074
 0.3074
 0.3074
 0.3074
 0.3074
 0.3074
 0.3074
 0.3074
 0.3074
 0.3074
 0.3074
 0.3074
 0.3074
 0.3074
 0.3074
 0.3074
 0.3074
 0.3074
 0.3074
 0.3074
 0.3074
 0.3074
 0.3074
 0.3074
 0.3074
 0.3074
 0.3074
 0.3074
 0.3074
 0.3074
 0.3074
 0.3074
 0.3074
 0.3074
 0.3074
 0.3074
 0.3074
 0.3074
 0.3074
 0.3074
 0.3074
 0.3074
 0.3074
 0.3074
 0.3074
 0.3074
 0.3074
 0.3074
 0.3074
 0.3074
 0.3074
 0.3074
 0.3074
 0.3074
 0.3074
 0.3074
 0.3074
 0.3074
 0.3074
 0.3074
 0.3074
 0.3074
 0.3074
 0.3074
 0.3074
 0.3074
 0.3074
 0.3074
 0.3074
 0.3074
 0.3074
 0.3074
 0.3074
 0.3074
 0.3074
 0.3074
 0.3074
 0.3074
 0.3074
 0.3074
 0.3074
 0.3074
 0.3074
 0.3074
 0.3074
 0.3074
 0.3074
 0.3074
 0.3074
 0.3074
 0.3074
 0.3074
 0.3074
 0.3074
 0.3074
 0.3074
 0.3074
 0.3074
 0.3074
 0.3074
 0.3074
 0.3074
 0.3074
 0.3074
 0.3074
 0.3074
 0.3074
 0.3074
 0.3074
 0.3074
 0.3074
 0.3074
 0.3074
 0.3074
 0.3074
 0.3074
 0.3074
 0.3074
 0.3074
 0.3074
 0.3074
 0.3074
 0.3074
 0.3074
 0.3074
 0.3074
 0.3074
 0.3074
 0.3074
 0.3074
 0.3074
 0.3074
 0.3074
 0.3074
 0.3074
 0.3074
 0.3074
 0.3074
 0.3074
 0.3074
 0.3074
 0.3074
 0.3074
 0.3074
 0.3074
 0.3074
 0.3074
 0.3074
 0.3074
 0.3074
 0.3074
 0.3074
 0.3074
 0.3074
 0.3074
 0.3074
 0.3074
 0.3074
 0.3074
 0.3074
 0.3074
 0.3074
 0.3074
 0.3074
 0.3074
 0.3074
 0.3074
 0.3074
 0.3074
 0.3074
 0.3074
 0.3074
 0.3074
 0.3074
 0.3074
 0.3074
 0.3074
 0.3074
 0.3074
 0.3074
 0.3074
 0.3074
 0.3074
 0.3074
 0.3074
 0.3074
 0.3074
 0.3074
 0.3074
 0.3074
 0.3074
 0.3074
 0.3074
 0.3074
 0.3074
 0.3074
 0.3074
 0.3074
 0.3074
 0.3074
 0.3074
 0.3074
 0.3074
 0.3074
 0.3074
 0.3074
 0.3074
 0.3074
 0.3074
 0.3074
 0.3074
 0.3074
 0.3074
 0.3074
 0.3074
 0.3074
 0.3074
 0.3074
 0.3074
 0.3074
 0.3074
 0.3074
 0.3074
 0.3074
 0.3074
 0.3074
 0.3074
 0.3074
 0.3074
 0.3074
 0.3074
 0.3074
 0.3074
 0.3074
 0.3074
 0.3074
 0.3074
 0.3074
 0.3074
 0.3074
 0.3074
 0.3074
 0.3074
 0.3074
 0.3074
 0.3074
 0.3074
 0.3074
 0.3074
 0.3074
 0.3074
 0.3074
 0.3074
 0.3074
 0.3074
 0.3074
 0.3074
 0.3074
 0.3074
 0.3074
 0.3074
 0.3074
 0.3074
 0.3074
 0.3074
 0.3074
 0.3074
 0.3074
 0.3074
 0.3074
 0.3074
 0.3074
 0.3074
 0.3074
 0.3074
 0.3074
 0.3074
 0.3074
 0.3074
 0.3074
 0.3074
 0.3074
 0.3074
 0.3074
 0.3074
 0.3074
 0.3074
 0.3074
 0.3074
 0.3074
 0.3074
 0.3074
 0.3074
 0.3074
 0.3074
 0.3074
 0.3074
 0.3074
 0.3074
 0.3074
 0.3074
 0.3074
 0.3074
 0.3074
 0.3074
 0.3074
 0.3074
 0.3074
 0.3074
 0.3074
 0.3074
 0.3074
 0.3074
 0.3074
 0.3074
 0.3074
 0.3074
 0.3074
 0.3074
 0.3074
 0.3074
 0.3074
 0.3074
 0.3074
 0.3074
 0.3074
 0.3074
 0.3074
 0.3074
 0.3074
 0.3074
 0.3074
 0.3074
 0.3074
 0.3074
 0.3074
 0.3074
 0.3074
 0.3074
 0.3074
 0.3074
 0.3074
 0.3074
 0.3074
 0.3074
 0.3074
 0.3074
 0.3074
 0.3074
 0.3074
 0.3074
 0.3074
 0.3074
 0.3074
 0.3074
 0.3074
 0.3074
 0.3074
 0.3074
 0.3074
 0.3074
 0.3074
 0.3074
 0.3074
 0.3074
 0.3074
 0.3074
 0.3074
 0.3074
 0.3074
 0.3074
 0.3074
 0.3074
 0.3074
 0.3074
 0.3074
 0.3074
 0.3074
 0.3074
 0.3074
 0.3074
 0.3074
 0.3074
 0.3074
 0.3074
 0.3074
 0.3074
 0.3074
 0.3074
 0.3074
 0.3074
 0.3074
 0.3074
 0.3074
 0.3074
 0.3074
 0.3074
 0.3074
 0.3074
 0.3074
 0.3074
 0.3074
 0.3074
 0.3074
 0.3074
 0.3074
 0.3074
 0.3074
 0.3074
 0.3074
 0.3074
 0.3074
 0.3074
 0.3074
 0.3074
 0.3074
 0.3074
 0.3074
 0.3074
 0.3074
 0.3074
 0.3074
 0.3074
 0.3074
 0.3074
 0.3074
 0.3074
 0.3074
 0.3074
 0.3074
 0.3074
 0.3074
 0.3074
 0.3074
 0.3074
 0.3074
 0.3074
 0.3074
 0.3074
 0.3074
 0.3074
 0.3074
 0.3074
 0.3074
 0.3074
 0.3074
 0.3074
 0.3074
 0.3074
 0.3074
 0.3074
 0.3074
 0.3074
 0.3074
 0.3074
 0.3074
 0.3074
 0.3074
 0.3074
 0.3074
 0.3074
 0.3074
 0.3074
 0.3074
 0.3074
 0.3074
 0.3074
 0.3074
 0.3074
 0.3074
 0.3074
 0.3074
 0.3074
 0.3074
 0.3074
 0.3074
 0.3074
 0.3074
 0.3074
 0.3074
 0.3074
 0.3074
 0.3074
 0.3074
 0.3074
 0.3074
 0.3074
 0.3074
 0.3074
 0.3074
 0.3074
 0.3074
 0.3074
 0.3074
 0.3074
 0.3074
 0.3074
 0.3074
 0.3074
 0.3074
 0.3074
 0.3074
 0.3074
 0.3074
 0.3074
 0.3074
 0.3074
 0.3074
 0.3074
 0.3074
 0.3074
 0.3074
 0.3074
 0.3074
 0.3074
 0.3074
 0.3074
 0.3074
 0.3074
 0.3074
 0.3074
 0.3074
 0.3074
 0.3074
 0.3074
 0.3074
 0.3074
 0.3074
 0.3074
 0.3074
 0.3074
 0.3074
 0.3074
 0.3074
 0.3074
 0.3074
 0.3074
 0.3074
 0.3074
 0.3074
 0.3074
 0.3074
 0.3074
 0.3074
 0.3074
 0.3074
 0.3074
 0.3074
 0.3074
 0.3074
 0.3074
 0.3074
 0.3074
 0.3074
 0.3074
 0.3074
 0.3074
 0.3074
 0.3074
 0.3074
 0.3074
 0.3074
 0.3074
 0.3074
 0.3074
 0.3074
 0.3074
 0.3074
 0.3074
 0.3074
 0.3074
 0.3074
 0.3074
 0.3074
 0.3074
 0.3074
 0.3074
 0.3074
 0.3074
 0.3074
 0.3074
 0.3074
 0.3074
 0.3074
 0.3074
 0.3074
 0.3074
 0.3074
 0.3074
 0.3074
 0.3074
 0.3074
 0.3074
 0.3074
 0.3074
 0.3074
 0.3074
 0.3074
 0.3074
 0.3074
 0.3074
 0.3074
 0.3074
 0.3074
 0.3074
 0.3074
 0.3074
 0.3074
 0.3074
 0.3074
 0.3074
 0.3074
 0.3074
 0.3074
 0.3074
 0.3074
 0.3074
 0.3074
 0.3074
 0.3074
 0.3074
 0.3074
 0.3074
 0.3074
 0.3074
 0.3074
 0.3074
 0.3074
 0.3074
 0.3074
 0.3074
 0.3074
 0.3074
 0.3074
 0.3074
 0.3074
 0.3074
 0.3074
 0.3074
 0.3074
 0.3074
 0.3074
 0.3074
 0.3074
 0.3074
 0.3074
 0.3074
 0.3074
 0.3074
 0.3074
 0.3074
 0.3074
 0.3074
 0.3074
 0.3074
 0.3074
 0.3074
 0.3074
 0.3074
 0.3074
 0.3074
 0.3074
 0.3074
 0.3074
 0.3074
 0.3074
 0.3074
 0.3074
 0.3074
 0.3074
 0.3074
 0.3074
 0.3074
 0.3074
 0.3074
 0.3074
 0.3074
 0.3074
 0.3074
 0.3074
 0.3074
 0.3074
 0.3074
 0.3074
 0.3074
 0.3074
 0.3074
 0.3074
 0.3074
 0.3074
 0.3074
 0.3074
 0.3074
 0.3074
 0.3074
 0.3074
 0.3074
 0.3074
 0.3074
 0.3074
 0.3074
 0.3074
 0.3074
 0.3074
 0.3074
 0.3074
 0.3074
 0.3074
 0.3074
 0.3074
 0.3074
 0.3074
 0.3074
 0.3074
 0.3074
 0.3074
 0.3074
 0.3074
 0.3074
 0.3074
 0.3074
 0.3074
 0.3074
 0.3074
 0.3074
 0.3074
 0.3074
 0.3074
 0.3074
 0.3074
 0.3074
 0.3074
 0.3074
 0.3074
 0.3074
 0.3074
 0.3074
 0.3074
 0.3074
 0.3074
 0.3074
 0.3074
 0.3074
 0.3074
 0.3074
 0.3074
 0.3074
 0.3074
 0.3074
 0.3074
 0.3074
 0.3074
 0.3074
 0.3074
 0.3074
 0.3074
 0.3074
 0.3074
 0.3074
 0.3074
 0.3074
 0.3074
 0.3074
 0.3074
 0.3074
 0.3074
 0.3074
 0.3074
 0.3074
 0.3074
 0.3074
 0.3074
 0.3074
 0.3074
 0.3074
 0.3074
 0.3074
 0.3074
 0.3074
 0.3074
 0.3074
 0.3074
 0.3074
 0.3074
 0.3074
 0.3074
 0.3074
 0.3074
 0.3074
 0.3074
 0.3074
 0.3074
 0.3074
 0.3074
 0.3074
 0.3074
 0.3074
 0.3074
 0.3074
 0.3074
 0.3074
 0.3074
 0.3074
 0.3074
 0.3074
 0.3074
 0.3074
 0.3074
 0.3074
 0.3074
 0.3074
 0.3074
 0.3074
 0.3074
 0.3074
 0.3074
 0.3074
 0.3074
 0.3074
 0.3074
 0.3074
 0.3074
 0.3074
 0.3074
 0.3074
 0.3074
 0.3074
 0.3074
 0.3074
 0.3074
 0.3074
 0.3074
 0.3074
 0.3074
 0.3074
 0.3074
 0.3074
 0.3074
 0.3074
 0.3074
 0.3074
 0.3074
 0.3074
 0.3074
 0.3074
 0.3074
 0.3074
 0.3074
 0.3074
 0.3074
 0.3074
 0.3074
 0.3074
 0.3074
 0.3074
 0.3074
 0.3074
 0.3074
 0.3074
 0.3074
 0.3074
 0.3074
 0.3074
 0.3074
 0.3074
 0.3074
 0.3074
 0.3074
 0.3074
 0.3074
 0.3074
 0.3074
 0.3074
 0.3074
 0.3074
 0.3074
 0.3074
 0.3074
 0.3074
 0.3074
 0.3074
 0.3074
 0.3074
 0.3074
 0.3074
 0.3074
 0.3074
 0.3074
 0.3074
 0.3074
 0.3074
 0.3074
 0.3074
 0.3074
 0.3074
 0.3074
 0.3074
 0.3074
 0.3074
 0.3074
 0.3074
 0.3074
 0.3074
 0.3074
 0.3074
 0.3074
 0.3074
 0.3074
 0.3074
 0.3074
 0.3074
 0.3074
 0.3074
 0.3074
 0.3074
 0.3074
 0.3074
 0.3074
 0.3074
 0.3074
 0.3074
 0.3074
 0.3074
 0.3074
 0.3074
 0.3074
 0.3074
 0.3074
 0.3074
 0.3074
 0.3074
 0.3074
 0.3074
 0.3074
 0.3074
 0.3074
 0.3074
 0.3074
 0.3074
 0.3074
 0.3074
 0.3074
 0.3074
 0.3074
 0.3074
 0.3074
 0.3074
 0.3074
 0.3074
 0.3074
 0.3074
 0.3074
 0.3074
 0.3074
 0.3074
 0.3074
 0.3074
 0.3074
 0.3074
 0.3074
 0.3074
 0.3074
 0.3074
 0.3074
 0.3074
 0.3074
 0.3074
 0.3074
 0.3074
 0.3074
 0.3074
 0.3074
 0.3074
 0.3074
 0.3074
 0.3074
 0.3074
 0.3074
 0.3074
 0.3074
 0.3074
 0.3074
 0.3074
 0.3074
 0.3074
 0.3074
 0.3074
 0.3074
 0.3074
 0.3074
 0.3074
 0.3074
 0.3074
 0.3074
 0.3074
 0.3074
 0.3074
 0.3074
 0.3074
 0.3074
 0.3074
 0.3074
 0.3074
 0.3074
 0.3074
 0.3074
 0.3074
 0.3074
 0.3074
 0.3074
 0.3074
 0.3074
 0.3074
 0.3074
 0.3074
 0.3074
 0.3074
 0.3074
 0.3074
 0.3074
 0.3074
 0.3074
 0.3074
 0.3074
 0.3074
 0.3074
 0.3074
 0.3074
 0.3074
 0.3074
 0.3074
 0.3074
 0.3074
 0.3074
 0.3074
 0.3074
 0.3074
 0.3074
 0.3074
 0.3074
 0.3074
 0.3074
 0.3074
 0.3074
 0.3074
 0.3074
 0.3074
 0.3074
 0.3074
 0.3074
 0.3074
 0.3074
 0.3074
 0.3074
 0.3074
 0.3074
 0.3074
 0.3074
 0.3074
 0.3074
 0.3074
 0.3074
 0.3074
 0.3074
 0.3074
 0.3074
 0.3074
 0.3074
 0.3074
 0.3074
 0.3074
 0.3074
 0.3074
 0.3074
 0.3074
 0.3074
 0.3074
 0.3074
 0.3074
 0.3074
 0.3074
 0.3074
 0.3074
 0.3074
 0.3074
 0.3074
 0.3074
 0.3074
 0.3074
 0.3074
 0.3074
 0.3074
 0.3074
 0.3074
 0.3074
 0.3074
 0.3074
 0.3074
 0.3074
 0.3074
 0.3074
 0.3074
 0.3074
 0.3074
 0.3074
 0.3074
 0.3074
 0.3074
 0.3074
 0.3074
 0.3074
 0.3074
 0.3074
 0.3074
 0.3074
 0.3074
 0.3074
 0.3074
 0.3074
 0.3074
 0.3074
 0.3074
 0.3074
 0.3074
 0.3074
 0.3074
 0.3074
 0.3074
 0.3074
 0.3074
 0.3074
 0.3074
 0.3074
 0.3074
 0.3074
 0.3074
 0.3074
 0.3074
 0.3074
 0.3074
 0.3074
 0.3074
 0.3074
 0.3074
 0.3074
 0.3074
 0.3074
 0.3074
 0.3074
 0.3074
 0.3074
 0.3074
 0.3074
 0.3074
 0.3074
 0.3074
 0.3074
 0.3074
 0.3074
 0.3074
 0.3074
 0.3074
 0.3074
 0.3074
 0.3074
 0.3074
 0.3074
 0.3074
 0.3074
 0.3074
 0.3074
 0.3074
 0.3074
 0.3074
 0.3074
 0.3074
 0.3074
 0.3074
 0.3074
 0.3074
 0.3074
 0.3074
 0.3074
 0.3074
 0.3074
 0.3074
 0.3074
 0.3074
 0.3074
 0.3074
 0.3074
 0.3074
 0.3074
 0.3074
 0.3074
 0.3074
 0.3074
 0.3074
 0.3074
 0.3074
 0.3074
 0.3074
 0.3074
 0.3074
 0.3074
 0.3074
 0.3074
 0.3074
 0.3074
 0.3074
 0.3074
 0.3074
 0.3074
 0.3074
 0.3074
 0.3074
 0.3074
 0.3074
 0.3074
 0.3074
 0.3074
 0.3074
 0.3074
 0.3074
 0.3074
 0.3074
 0.3074
 0.3074
 0.3074
 0.3074
 0.3074
 0.3074
 0.3074
 0.3074
 0.3074
 0.3074
 0.3074
 0.3074
 0.3074
 0.3074
 0.3074
 0.3074
 0.3074
 0.3074
 0.3074
 0.3074
 0.3074
 0.3074
 0.3074
 0.3074
 0.3074
 0.3074
 0.3074
 0.3074
 0.3074
 0.3074
 0.3074
 0.3074
 0.3074
 0.3074
 0.3074
 0.3074
 0.3074
 0.3074
 0.3074
 0.3074
 0.3074
 0.3074
 0.3074
 0.3074
 0.3074
 0.3074
 0.3074
 0.3074
 0.3074
 0.3074
 0.3074
 0.3074
 0.3074
 0.3074
 0.3074
 0.3074
 0.3074
 0.3074
 0.3074
 0.3074
 0.3074
 0.3074
 0.3074
 0.3074
 0.3074
 0.3074
 0.3074
 0.3074
 0.3074
 0.3074
 0.3074
 0.3074
 0.3074
 0.3074
 0.3074
 0.3074
 0.3074
 0.3074
 0.3074
 0.3074
 0.3074
 0.3074
 0.3074
 0.3074
 0.3074
 0.3074
 0.3074
 0.3074
 0.3074
 0.3074
 0.3074
 0.3074
 0.3074
 0.3074
 0.3074
 0.3074
 0.3074
 0.3074
 0.3074
 0.3074
 0.3074
 0.3074
 0.3074
 0.3074
 0.3074
 0.3074
 0.3074
 0.3074
 0.3074
 0.3074
 0.3074
 0.3074
 0.3074
 0.3074
 0.3074
 0.3074
 0.3074
 0.3074
 0.3074
 0.3074
 0.3074
 0.3074
 0.3074
 0.3074
 0.3074
 0.3074
 0.3074
 0.3074
 0.3074
 0.3074
 0.3074
 0.3074
 0.3074
 0.3074
 0.3074
 0.3074
 0.3074
 0.3074
 0.3074
 0.3074
 0.3074
 0.3074
 0.3074
 0.3074
 0.3074
 0.3074
 0.3074
 0.3074
 0.3074
 0.3074
 0.3074
 0.3074
 0.3074
 0.3074
 0.3074
 0.3074
 0.3074
 0.3074
 0.3074
 0.3074
 0.3074
 0.3074
 0.3074
 0.3074
 0.3074
 0.3074
 0.3074
 0.3074
 0.3074
 0.3074
 0.3074
 0.3074
 0.3074
 0.3074
 0.3074
 0.3074
 0.3074
 0.3074
 0.3074
 0.3074
 0.3074
 0.3074
 0.3074
 0.3074
 0.3074
 0.3074
 0.3074
 0.3074
 0.3074
 0.3074
 0.3074
 0.3074
 0.3074
 0.3074
 0.3074
 0.3074
 0.3074
 0.3074
 0.3074
 0.3074
 0.3074
 0.3074
 0.3074
 0.3074
 0.3074
 0.3074
 0.3074
 0.3074
 0.3074
 0.3074
 0.3074
 0.3074
 0.3074
 0.3074
 0.3074
 0.3074
 0.3074
 0.3074
 0.3074
 0.3074
 0.3074
 0.3074
 0.3074
 0.3074
 0.3074
 0.3074
 0.3074
 0.3074
 0.3074
 0.3074
 0.3074
 0.3074
 0.3074
 0.3074
 0.3074
 0.3074
 0.3074
 0.3074
 0.3074
 0.3074
 0.3074
 0.3074
 0.3074
 0.3074
 0.3074
 0.3074
 0.3074
 0.3074
 0.3074
 0.3074
 0.3074
 0.3074
 0.3074
 0.3074
 0.3074
 0.3074
 0.3074
 0.3074
 0.3074
 0.3074
 0.3074
 0.3074
 0.3074
 0.3074
 0.3074
 0.3074
 0.3074
 0.3074
 0.3074
 0.3074
 0.3074
 0.3074
 0.3074
 0.3074
 0.3074
 0.3074
 0.3074
 0.3074
 0.3074
 0.3074
 0.3074
 0.3074
 0.3074
 0.3074
 0.3074
 0.3074
 0.3074
 0.3074
 0.3074
 0.3074
 0.3074
 0.3074
 0.3074
 0.3074
 0.3074
 0.3074
 0.3074
 0.3074
 0.3074
 0.3074
 0.3074
 0.3074
 0.3074
 0.3074
 0.3074
 0.3074
 0.3074
 0.3074
 0.3074
 0.3074
 0.3074
 0.3074
 0.3074
 0.3074
 0.3074
 0.3074
 0.3074
 0.3074
 0.3074
 0.3074
 0.3074
 0.3074
 0.3074
 0.3074
 0.3074
 0.3074
 0.3074
 0.3074
 0.3074
 0.3074
 0.3074
 0.3074
 0.3074
 0.3074
 0.3074
 0.3074
 0.3074
 0.3074
 0.3074
 0.3074
 0.3074
 0.3074
 0.3074
 0.3074
 0.3074
 0.3074
 0.3074
 0.3074
 0.3074
 0.3074
 0.3074
 0.3074
 0.3074
 0.3074
 0.3074
 0.3074
 0.3074
 0.3074
 0.3074
 0.3074
 0.3074
 0.3074
 0.3074
 0.3074
 0.3074
 0.3074
 0.3074
 0.3074
 0.3074
 0.3074
 0.3074
 0.3074
 0.3074
 0.3074
 0.3074
 0.3074
 0.3074
 0.3074
 0.3074
 0.3074
 0.3074
 0.3074
 0.3074
 0.3074
 0.3074
 0.3074
 0.3074
 0.3074
 0.3074
 0.3074
 0.3074
 0.3074
 0.3074
 0.3074
 0.3074
 0.3074
 0.3074
 0.3074
 0.3074
 0.3074
 0.3074
 0.3074
 0.3074
 0.3074
 0.3074
 0.3074
 0.3074
 0.3074
 0.3074
 0.3074
 0.3074
 0.3074
 0.3074
 0.3074
 0.3074
 0.3074
 0.3074
 0.3074
 0.3074
 0.3074
 0.3074
 0.3074
 0.3074
 0.3074
 0.3074
 0.3074
 0.3074
 0.3074
 0.3074
 0.3074
 0.3074
 0.3074
 0.3074
 0.3074
 0.3074
 0.3074
 0.3074
 0.3074
 0.3074
 0.3074
 0.3074
 0.3074
 0.3074
 0.3074
 0.3074
 0.3074
 0.3074
 0.3074
 0.3074
 0.3074
 0.3074
 0.3074
 0.3074
 0.3074
 0.3074
 0.3074
 0.3074
 0.3074
 0.3074
 0.3074
 0.3074
 0.3074
 0.3074
 0.3074
 0.3074
 0.3074
 0.3074
 0.3074
 0.3074
 0.3074
 0.3074
 0.3074
 0.3074
 0.3074
 0.3074
 0.3074
 0.3074
 0.3074
 0.3074
 0.3074
 0.3074
 0.3074
 0.3074
 0.3074
 0.3074
 0.3074
 0.3074
 0.3074
 0.3074
 0.3074
 0.3074
 0.3074
 0.3074
 0.3074
 0.3074
 0.3074
 0.3074
 0.3074
 0.3074
 0.3074
 0.3074
 0.3074
 0.3074
 0.3074
 0.3074
 0.3074
 0.3074
 0.3074
 0.3074
 0.3074
 0.3074
 0.3074
 0.3074
 0.3074
 0.3074
 0.3074
 0.3074
 0.3074
 0.3074
 0.3074
 0.3074
 0.3074
 0.3074
 0.3074
 0.3074
 0.3074
 0.3074
 0.3074
 0.3074
 0.3074
 0.3074
 0.3074
 0.3074
 0.3074
 0.3074
 0.3074
 0.3074
 0.3074
 0.3074
 0.3074
 0.3074
 0.3074
 0.3074
 0.3074
 0.3074
 0.3074
 0.3074
 0.3074
 0.3074
 0.3074
 0.3074
 0.3074
 0.3074
 0.3074
 0.3074
 0.3074
 0.3074
 0.3074
 0.3074
 0.3074
 0.3074
 0.3074
 0.3074
 0.3074
 0.3074
 0.3074
 0.3074
 0.3074
 0.3074
 0.3074
 0.3074
 0.3074
 0.3074
 0.3074
 0.3074
 0.3074
 0.3074
 0.3074
 0.3074
 0.3074
 0.3074
 0.3074
 0.3074
 0.3074
 0.3074
 0.3074
 0.3074
 0.3074
 0.3074
 0.3074
 0.3074
 0.3074
 0.3074
 0.3074
 0.3074
 0.3074
 0.3074
 0.3074
 0.3074
 0.3074
 0.3074
 0.3074
 0.3074
 0.3074
 0.3074
 0.3074
 0.3074
 0.3074
 0.3074
 0.3074
 0.3074
 0.3074
 0.3074
 0.3074
 0.3074
 0.3074
 0.3074
 0.3074
 0.3074
 0.3074
 0.3074
 0.3074
 0.3074
 0.3074
 0.3074
 0.3074
 0.3074
 0.3074
 0.3074
 0.3074
 0.3074
 0.3074
 0.3074
 0.3074
 0.3074
 0.3074
 0.3074
 0.3074
 0.3074
 0.3074
 0.3074
 0.3074
 0.3074
 0.3074
 0.3074
 0.3074
 0.3074
 0.3074
 0.3074
 0.3074
 0.3074
 0.3074
 0.3074
 0.3074
 0.3074
 0.3074
 0.3074
 0.3074
 0.3074
 0.3074
 0.3074
 0.3074
 0.3074
 0.3074
 0.3074
 0.3074
 0.3074
 0.3074
 0.3074
 0.3074
 0.3074
 0.3074
 0.3074
 0.3074
 0.3074
 0.3074
 0.3074
 0.3074
 0.3074
 0.3074
 0.3074
 0.3074
 0.3074
 0.3074
 0.3074
 0.3074
 0.3074
 0.3074
 0.3074
 0.3074
 0.3074
 0.3074
 0.3074
 0.3074
 0.3074
 0.3074
 0.3074
 0.3074
 0.3074
 0.3074
 0.3074
 0.3074
 0.3074
 0.3074
 0.3074
 0.3074
 0.3074
 0.3074
 0.3074
 0.3074
 0.3074
 0.3074
 0.3074
 0.3074
 0.3074
 0.3074
 0.3074
 0.3074
 0.3074
 0.3074
 0.3074
 0.3074
 0.3074
 0.3074
 0.3074
 0.3074
 0.3074
 0.3074
 0.3074
 0.3074
 0.3074
 0.3074
 0.3074
 0.3074
 0.3074
 0.3074
 0.3074
 0.3074
 0.3074
 0.3074
 0.3074
 0.3074
 0.3074
 0.3074
 0.3074
 0.3074
 0.3074
 0.3074
 0.3074
 0.3074
 0.3074
 0.3074
 0.3074
 0.3074
 0.3074
 0.3074
 0.3074
 0.3074
 0.3074
 0.3074
 0.3074
 0.3074
 0.3074
 0.3074
 0.3074
 0.3074
 0.3074
 0.3074
 0.3074
 0.3074
 0.3074
 0.3074
 0.3074
 0.3074
 0.3074
 0.3074
 0.3074
 0.3074
 0.3074
 0.3074
 0.3074
 0.3074
 0.3074
 0.3074
 0.3074
 0.3074
 0.3074
 0.3074
 0.3074
 0.3074
 0.3074
 0.3074
 0.3074
 0.3074
 0.3074
 0.3074
 0.3074
 0.3074
 0.3074
 0.3074
 0.3074
 0.3074
 0.3074
 0.3074
 0.3074
 0.3074
 0.3074
 0.3074
 0.3074
 0.3074
 0.3074
 0.3074
 0.3074
 0.3074
 0.3074
 0.3074
 0.3074
 0.3074
 0.3074
 0.3074
 0.3074
 0.3074
 0.3074
 0.3074
 0.3074
 0.3074
 0.3074
 0.3074
 0.3074
 0.3074
 0.3074
 0.3074
 0.3074
 0.3074
 0.3074
 0.3074
 0.3074
 0.3074
 0.3074
 0.3074
 0.3074
 0.3074
 0.3074
 0.3074
 0.3074
 0.3074
 0.3074
 0.3074
 0.3074
 0.3074
 0.3074
 0.3074
 0.3074
 0.3074
 0.3074
 0.3074
 0.3074
 0.3074
 0.3074
 0.3074
 0.3074
 0.3074
 0.3074
 0.3074
 0.3074
 0.3074
 0.3074
 0.3074
 0.3074
 0.3074
 0.3074
 0.3074
 0.3074
 0.3074
 0.3074
 0.3074
 0.3074
 0.3074
 0.3074
 0.3074
 0.3074
 0.3074
 0.3074
 0.3074
 0.3074
 0.3074
 0.3074
 0.3074
 0.3074
 0.3074
 0.3074
 0.3074
 0.3074
 0.3074
 0.3074
 0.3074
 0.3074
 0.3074
 0.3074
 0.3074
 0.3074
 0.3074
 0.3074
 0.3074
 0.3074
 0.3074
 0.3074
 0.3074
 0.3074
 0.3074
 0.3074
 0.3074
 0.3074
 0.3074
 0.3074
 0.3074
 0.3074
 0.3074
 0.3074
 0.3074
 0.3074
 0.3074
 0.3074
 0.3074
 0.3074
 0.3074
 0.3074
 0.3074
 0.3074
 0.3074
 0.3074
 0.3074
 0.3074
 0.3074
 0.3074
 0.3074
 0.3074
 0.3074
 0.3074
 0.3074
 0.3074
 0.3074
 0.3074
 0.3074
 0.3074
 0.3074
 0.3074
 0.3074
 0.3074
 0.3074
 0.3074
 0.3074
 0.3074
 0.3074
 0.3074
 0.3074
 0.3074
 0.3074
 0.3074
 0.3074
 0.3074
 0.3074
 0.3074
 0.3074
 0.3074
 0.3074
 0.3074
 0.3074
 0.3074
 0.3074
 0.3074
 0.3074
 0.3074
 0.3074
 0.3074
 0.3074
 0.3074
 0.3074
 0.3074
 0.3074
 0.3074
 0.3074
 0.3074
 0.3074
 0.3074
 0.3074
 0.3074
 0.3074
 0.3074
 0.3074
 0.3074
 0.3074
 0.3074
 0.3074
 0.3074
 0.3074
 0.3074
 0.3074
 0.3074
 0.3074
 0.3074
 0.3074
 0.3074
 0.3074
 0.3074
 0.3074
 0.3074
 0.3074
 0.3074
 0.3074
 0.3074
 0.3074
 0.3074
 0.3074
 0.3074
 0.3074
 0.3074
 0.3074
 0.3074
 0.3074
 0.3074
 0.3074
 0.3074
 0.3074
 0.3074
 0.3074
 0.3074
 0.3074
 0.3074
 0.3074
 0.3074
 0.3074
 0.3074
 0.3074
 0.3074
 0.3074
 0.3074
 0.3074
 0.3074
 0.3074
 0.3074
 0.3074
 0.3074
 0.3074
 0.3074
 0.3074
 0.3074
 0.3074
 0.3074
 0.3074
 0.3074
 0.3074
 0.3074
 0.3074
 0.3074
 0.3074
 0.3074
 0.3074
 0.3074
 0.3074
 0.3074
 0.3074
 0.3074
 0.3074
 0.3074
 0.3074
 0.3074
 0.3074
 0.3074
 0.3074
 0.3074
 0.3074
 0.3074
 0.3074
 0.3074
 0.3074
 0.3074
 0.3074
 0.3074
 0.3074
 0.3074
 0.3074
 0.3074
 0.3074
 0.3074
 0.3074
 0.3074
 0.3074
 0.3074
 0.3074
 0.3074
 0.3074
 0.3074
 0.3074
 0.3074
 0.3074
 0.3074
 0.3074
 0.3074
 0.3074
 0.3074
 0.3074
 0.3074
 0.3074
 0.3074
 0.3074
 0.3074
 0.3074
 0.3074
 0.3074
 0.3074
 0.3074
 0.3074
 0.3074
 0.3074
 0.3074
 0.3074
 0.3074
 0.3074
 0.3074
 0.3074
 0.3074
 0.3074
 0.3074
 0.3074
 0.3074
 0.3074
 0.3074
 0.3074
 0.3074
 0.3074
 0.3074
 0.3074
 0.3074
 0.3074
 0.3074
 0.3074
 0.3074
 0.3074
 0.3074
 0.3074
 0.3074
 0.3074
 0.3074
 0.3074
 0.3074
 0.3074
 0.3074
 0.3074
 0.3074
 0.3074
 0.3074
 0.3074
 0.3074
 0.3074
 0.3074
 0.3074
 0.3074
 0.3074
 0.3074
 0.3074
 0.3074
 0.3074
 0.3074
 0.3074
 0.3074
 0.3074
 0.3074
 0.3074
 0.3074
 0.3074
 0.3074
 0.3074
 0.3074
 0.3074
 0.3074
 0.3074
 0.3074
 0.3074
 0.3074
 0.3074
 0.3074
 0.3074
 0.3074
 0.3074
 0.3074
 0.3074
 0.3074
 0.3074
 0.3074
 0.3074
 0.3074
 0.3074
 0.3074
 0.3074
 0.3074
 0.3074
 0.3074
 0.3074
 0.3074
 0.3074
 0.3074
 0.3074
 0.3074
 0.3074
 0.3074
 0.3074
 0.3074
 0.3074
 0.3074
 0.3074
 0.3074
 0.3074
 0.3074
 0.3074
 0.3074
 0.3074
 0.3074
 0.3074
 0.3074
 0.3074
 0.3074
 0.3074
 0.3074
 0.3074
 0.3074
 0.3074
 0.3074
 0.3074
 0.3074
 0.3074
 0.3074
 0.3074
 0.3074
 0.3074
 0.3074
 0.3074
 0.3074
 0.3074
 0.3074
 0.3074
 0.3074
 0.3074
 0.3074
 0.3074
 0.3074
 0.3074
 0.3074
 0.3074
 0.3074
 0.3074
 0.3074
 0.3074
 0.3074
 0.3074
 0.3074
 0.3074
 0.3074
 0.3074
 0.3074
 0.3074
 0.3074
 0.3074
 0.3074
 0.3074
 0.3074
 0.3074
 0.3074
 0.3074
 0.3074
 0.3074
 0.3074
 0.3074
 0.3074
 0.3074
 0.3074
 0.3074
 0.3074
 0.3074
 0.3074
 0.3074
 0.3074
 0.3074
 0.3074
 0.3074
 0.3074
 0.3074
 0.3074
 0.3074
 0.3074
 0.3074
 0.3074
 0.3074
 0.3074
 0.3074
 0.3074
 0.3074
 0.3074
 0.3074
 0.3074
 0.3074
 0.3074
 0.3074
 0.3074
 0.3074
 0.3074
 0.3074
 0.3074
 0.3074
 0.3074
 0.3074
 0.3074
 0.3074
 0.3074
 0.3074
 0.3074
 0.3074
 0.3074
 0.3074
 0.3074
 0.3074
 0.3074
 0.3074
 0.3074
 0.3074
 0.3074
 0.3074
 0.3074
 0.3074
 0.3074
 0.3074
 0.3074
 0.3074
 0.3074
 0.3074
 0.3074
 0.3074
 0.3074
 0.3074
 0.3074
 0.3074
 0.3074
 0.3074
 0.3074
 0.3074
 0.3074
 0.3074
 0.3074
 0.3074
 0.3074
 0.3074
 0.3074
 0.3074
 0.3074
 0.3074
 0.3074
 0.3074
 0.3074
 0.3074
 0.3074
 0.3074
 0.3074
 0.3074
 0.3074
 0.3074
 0.3074
 0.3074
 0.3074
 0.3074
 0.3074
 0.3074
 0.3074
 0.3074
 0.3074
 0.3074
 0.3074
 0.3074
 0.3074
 0.3074
 0.3074
 0.3074
 0.3074
 0.3074
 0.3074
 0.3074
 0.3074
 0.3074
 0.3074
 0.3074
 0.3074
 0.3074
 0.3074
 0.3074
 0.3074
 0.3074
 0.3074
 0.3074
 0.3074
 0.3074
 0.3074
 0.3074
 0.3074
 0.3074
 0.3074
 0.3074
 0.3074
 0.3074
 0.3074
 0.3074
 0.3074
 0.3074
 0.3074
 0.3074
 0.3074
 0.3074
 0.3074
 0.3074
 0.3074
 0.3074
 0.3074
 0.3074
 0.3074
 0.3074
 0.3074
 0.3074
 0.3074
 0.3074
 0.3074
 0.3074
 0.3074
 0.3074
 0.3074
 0.3074
 0.3074
 0.3074
 0.3074
 0.3074
 0.3074
 0.3074
 0.3074
 0.3074
 0.3074
 0.3074
 0.3074
 0.3074
 0.3074
 0.3074
 0.3074
 0.3074
 0.3074
 0.3074
 0.3074
 0.3074
 0.3074
 0.3074
 0.3074
 0.3074
 0.3074
 0.3074
 0.3074
 0.3074
 0.3074
 0.3074
 0.3074
 0.3074
 0.3074
 0.3074
 0.3074
 0.3074
 0.3074
 0.3074
 0.3074
 0.3074
 0.3074
 0.3074
 0.3074
 0.3074
 0.3074
 0.3074
 0.3074
 0.3074
 0.3074
 0.3074
 0.3074
 0.3074
 0.3074
 0.3074
 0.3074
 0.3074
 0.3074
 0.3074
 0.3074
 0.3074
 0.3074
 0.3074
 0.3074
 0.3074
 0.3074
 0.3074
 0.3074
 0.3074
 0.3074
 0.3074
 0.3074
 0.3074
 0.3074
 0.3074
 0.3074
 0.3074
 0.3074
 0.3074
 0.3074
 0.3074
 0.3074
 0.3074
 0.3074
 0.3074
 0.3074
 0.3074
 0.3074
 0.3074
 0.3074
 0.3074
 0.3074
 0.3074
 0.3074
 0.3074
 0.3074
 0.3074
 0.3074
 0.3074
 0.3074
 0.3074
 0.3074
 0.3074
 0.3074
 0.3074
 0.3074
 0.3074
 0.3074
 0.3074
 0.3074
 0.3074
 0.3074
 0.3074
 0.3074
 0.3074
 0.3074
 0.3074
 0.3074
 0.3074
 0.3074
 0.3074
 0.3074
 0.3074
 0.3074
 0.3074
 0.3074
 0.3074
 0.3074
 0.3074
 0.3074
 0.3074
 0.3074
 0.3074
 0.3074
 0.3074
 0.3074
 0.3074
 0.3074
 0.3074
 0.3074
 0.3074
 0.3074
 0.3074
 0.3074
 0.3074
 0.3074
 0.3074
 0.3074
 0.3074
 0.3074
 0.3074
 0.3074
 0.3074
 0.3074
 0.3074
 0.3074
 0.3074
 0.3074
 0.3074
 0.3074
 0.3074
 0.3074
 0.3074
 0.3074
 0.3074
 0.3074
 0.3074
 0.3074
 0.3074
 0.3074
 0.3074
 0.3074
 0.3074
 0.3074
 0.3074
 0.3074
 0.3074
 0.3074
 0.3074
 0.3074
 0.3074
 0.3074
 0.3074
 0.3074
 0.3074
 0.3074
 0.3074
 0.3074
 0.3074
 0.3074
 0.3074
 0.3074
 0.3074
 0.3074
 0.3074
 0.3074
 0.3074
 0.3074
 0.3074
 0.3074
 0.3074
 0.3074
 0.3074
 0.3074
 0.3074
 0.3074
 0.3074
 0.3074
 0.3074
 0.3074
 0.3074
 0.3074
 0.3074
 0.3074
 0.3074
 0.3074
 0.3074
 0.3074
 0.3074
 0.3074
 0.3074
 0.3074
 0.3074
 0.3074
 0.3074
 0.3074
 0.3074
 0.3074
 0.3074
 0.3074
 0.3074
 0.3074
 0.3074
 0.3074
 0.3074
 0.3074
 0.3074
 0.3074
 0.3074
 0.3074
 0.3074
 0.3074
 0.3074
 0.3074
 0.3074
 0.3074
 0.3074
 0.3074
 0.3074
 0.3074
 0.3074
 0.3074
 0.3074
 0.3074
 0.3074
 0.3074
 0.3074
 0.3074
 0.3074
 0.3074
 0.3074
 0.3074
 0.3074
 0.3074
 0.3074
 0.3074
 0.3074
 0.3074
 0.3074
 0.3074
 0.3074
 0.3074
 0.3074
 0.3074
 0.3074
 0.3074
 0.3074
 0.3074
 0.3074
 0.3074
 0.3074
 0.3074
 0.3074
 0.3074
 0.3074
 0.3074
 0.3074
 0.3074
 0.3074
 0.3074
 0.3074
 0.3074
 0.3074
 0.3074
 0.3074
 0.3074
 0.3074
 0.3074
 0.3074
 0.3074
 0.3074
 0.3074
 0.3074
 0.3074
 0.3074
 0.3074
 0.3074
 0.3074
 0.3074
 0.3074
 0.3074
 0.3074
 0.3074
 0.3074
 0.3074
 0.3074
 0.3074
 0.3074
 0.3074
 0.3074
 0.3074
 0.3074
 0.3074
 0.3074
 0.3074
 0.3074
 0.3074
 0.3074
 0.3074
 0.3074
 0.3074
 0.3074
 0.3074
 0.3074
 0.3074
 0.3074
 0.3074
 0.3074
 0.3074
 0.3074
 0.3074
 0.3074
 0.3074
 0.3074
 0.3074
 0.3074
 0.3074
 0.3074
 0.3074
 0.3074
 0.3074
 0.3074
 0.3074
 0.3074
 0.3074
 0.3074
 0.3074
 0.3074
 0.3074
 0.3074
 0.3074
 0.3074
 0.3074
 0.3074
 0.3074
 0.3074
 0.3074
 0.3074
 0.3074
 0.3074
 0.3074
 0.3074
 0.3074
 0.3074
 0.3074
 0.3074
 0.3074
 0.3074
 0.3074
 0.3074
 0.3074
 0.3074
 0.3074
 0.3074
 0.3074
 0.3074
 0.3074
 0.3074
 0.3074
 0.3074
 0.3074
 0.3074
 0.3074
 0.3074
 0.3074
 0.3074
 0.3074
 0.3074
 0.3074
 0.3074
 0.3074
 0.3074
 0.3074
 0.3074
 0.3074
 0.3074
 0.3074
 0.3074
 0.3074
 0.3074
 0.3074
 0.3074
 0.3074
 0.3074
 0.3074
 0.3074
 0.3074
 0.3074
 0.3074
 0.3074
 0.3074
 0.3074
 0.3074
 0.3074
 0.3074
 0.3074
 0.3074
 0.3074
 0.3074
 0.3074
 0.3074
 0.3074
 0.3074
 0.3074
 0.3074
 0.3074
 0.3074
 0.3074
 0.3074
 0.3074
 0.3074
 0.3074
 0.3074
 0.3074
 0.3074
 0.3074
 0.3074
 0.3074
 0.3074
 0.3074
 0.3074
 0.3074
 0.3074
 0.3074
 0.3074
 0.3074
 0.3074
 0.3074
 0.3074
 0.3074
 0.3074
 0.3074
 0.3074
 0.3074
 0.3074
 0.3074
 0.3074
 0.3074
 0.3074
 0.3074
 0.3074
 0.3074
 0.3074
 0.3074
 0.3074
 0.3074
 0.3074
 0.3074
 0.3074
 0.3074
 0.3074
 0.3074
 0.3074
 0.3074
 0.3074
 0.3074
 0.3074
 0.3074
 0.3074
 0.3074
 0.3074
 0.3074
 0.3074
 0.3074
 0.3074
 0.3074
 0.3074
 0.3074
 0.3074
 0.3074
 0.3074
 0.3074
 0.3074
 0.3074
 0.3074
 0.3074
 0.3074
 0.3074
 0.3074
 0.3074
 0.3074
 0.3074
 0.3074
 0.3074
 0.3074
 0.3074
 0.3074
 0.3074
 0.3074
 0.3074
 0.3074
 0.3074
 0.3074
 0.3074
 0.3074
 0.3074
 0.3074
 0.3074
 0.3074
 0.3074
 0.3074
 0.3074
 0.3074
 0.3074
 0.3074
 0.3074
 0.3074
 0.3074
 0.3074
 0.3074
 0.3074
 0.3074
 0.3074
 0.3074
 0.3074
 0.3074
 0.3074
 0.3074
 0.3074
 0.3074
 0.3074
 0.3074
 0.3074
 0.3074
 0.3074
 0.3074
 0.3074
 0.3074
 0.3074
 0.3074
 0.3074
 0.3074
 0.3074
 0.3074
 0.3074
 0.3074
 0.3074
 0.3074
 0.3074
 0.3074
 0.3074
 0.3074
 0.3074
 0.3074
 0.3074
 0.3074
 0.3074
 0.3074
 0.3074
 0.3074
 0.3074
 0.3074
 0.3074
 0.3074
 0.3074
 0.3074
 0.3074
 0.3074
 0.3074
 0.3074
 0.3074
 0.3074
 0.3074
 0.3074
 0.3074
 0.3074
 0.3074
 0.3074
 0.3074
 0.3074
 0.3074
 0.3074
 0.3074
 0.3074
 0.3074
 0.3074
 0.3074
 0.3074
 0.3074
 0.3074
 0.3074
 0.3074
 0.3074
 0.3074
 0.3074
 0.3074
 0.3074
 0.3074
 0.3074
 0.3074
 0.3074
 0.3074
 0.3074
 0.3074
 0.3074
 0.3074
 0.3074
 0.3074
 0.3074
 0.3074
 0.3074
 0.3074
 0.3074
 0.3074
 0.3074
 0.3074
 0.3074
 0.3074
 0.3074
 0.3074
 0.3074
 0.3074
 0.3074
 0.3074
 0.3074
 0.3074
 0.3074
 0.3074
 0.3074
 0.3074
 0.3074
 0.3074
 0.3074
 0.3074
 0.3074
 0.3074
 0.3074
 0.3074
 0.3074
 0.3074
 0.3074
 0.3074
 0.3074
 0.3074
 0.3074
 0.3074
 0.3074
 0.3074
 0.3074
 0.3074
 0.3074
 0.3074
 0.3074
 0.3074
 0.3074
 0.3074
 0.3074
 0.3074
 0.3074
 0.3074
 0.3074
 0.3074
 0.3074
 0.3074
 0.3074
 0.3074
 0.3074
 0.3074
 0.3074
 0.3074
 0.3074
 0.3074
 0.3074
 0.3074
 0.3074
 0.3074
 0.3074
 0.3074
 0.3074
 0.3074
 0.3074
 0.3074
 0.3074
 0.3074
 0.3074
 0.3074
 0.3074
 0.3074
 0.3074
 0.3074
 0.3074
 0.3074
 0.3074
 0.3074
 0.3074
 0.3074
 0.3074
 0.3074
 0.3074
 0.3074
 0.3074
 0.3074
 0.3074
 0.3074
 0.3074
 0.3074
 0.3074
 0.3074
 0.3074
 0.3074
 0.3074
 0.3074
 0.3074
 0.3074
 0.3074
 0.3074
 0.3074
 0.3074
 0.3074
 0.3074
 0.3074
 0.3074
 0.3074
 0.3074
 0.3074
 0.3074
 0.3074
 0.3074
 0.3074
 0.3074
 0.3074
 0.3074
 0.3074
 0.3074
 0.3074
 0.3074
 0.3074
 0.3074
 0.3074
 0.3074
 0.3074
 0.3074
 0.3074
 0.3074
 0.3074
 0.3074
 0.3074
 0.3074
 0.3074
 0.3074
 0.3074
 0.3074
 0.3074
 0.3074
 0.3074
 0.3074
 0.3074
 0.3074
 0.3074
 0.3074
 0.3074
 0.3074
 0.3074
 0.3074
 0.3074
 0.3074
 0.3074
 0.3074
 0.3074
 0.3074
 0.3074
 0.3074
 0.3074
 0.3074
 0.3074
 0.3074
 0.3074
 0.3074
 0.3074
 0.3074
 0.3074
 0.3074
 0.3074
 0.3074
 0.3074
 0.3074
 0.3074
 0.3074
 0.3074
 0.3074
 0.3074
 0.3074
 0.3074
 0.3074
 0.3074
 0.3074
 0.3074
 0.3074
 0.3074
 0.3074
 0.3074
 0.3074
 0.3074
 0.3074
 0.3074
 0.3074
 0.3074
 0.3074
 0.3074
 0.3074
 0.3074
 0.3074
 0.3074
 0.3074
 0.3074
 0.3074
 0.3074
 0.3074
 0.3074
 0.3074
 0.3074
 0.3074
 0.3074
 0.3074
 0.3074
 0.3074
 0.3074
 0.3074
 0.3074
 0.3074
 0.3074
 0.3074
 0.3074
 0.3074
 0.3074
 0.3074
 0.3074
 0.3074
 0.3074
 0.3074
 0.3074
 0.3074
 0.3074
 0.3074
 0.3074
 0.3074
 0.3074
 0.3074
 0.3074
 0.3074
 0.3074
 0.3074
 0.3074
 0.3074
 0.3074
 0.3074
 0.3074
 0.3074
 0.3074
 0.3074
 0.3074
 0.3074
 0.3074
 0.3074
 0.3074
 0.3074
 0.3074
 0.3074
 0.3074
 0.3074
 0.3074
 0.3074
 0.3074
 0.3074
 0.3074
 0.3074
 0.3074
 0.3074
 0.3074
 0.3074
 0.3074
 0.3074
 0.3074
 0.3074
 0.3074
 0.3074
 0.3074
 0.3074
 0.3074
 0.3074
 0.3074
 0.3074
 0.3074
 0.3074
 0.3074
 0.3074
 0.3074
 0.3074
 0.3074
 0.3074
 0.3074
 0.3074
 0.3074
 0.3074
 0.3074
 0.3074
 0.3074
 0.3074
 0.3074
 0.3074
 0.3074
 0.3074
 0.3074
 0.3074
 0.3074
 0.3074
 0.3074
 0.3074
 0.3074
 0.3074
 0.3074
 0.3074
 0.3074
 0.3074
 0.3074
 0.3074
 0.3074
 0.3074
 0.3074
 0.3074
 0.3074
 0.3074
 0.3074
 0.3074
 0.3074
 0.3074
 0.3074
 0.3074
 0.3074
 0.3074
 0.3074
 0.3074
 0.3074
 0.3074
 0.3074
 0.3074
 0.3074
 0.3074
 0.3074
 0.3074
 0.3074
 0.3074
 0.3074
 0.3074
 0.3074
 0.3074
 0.3074
 0.3074
 0.3074
 0.3074
 0.3074
 0.3074
 0.3074
 0.3074
 0.3074
 0.3074
 0.3074
 0.3074
 0.3074
 0.3074
 0.3074
 0.3074
 0.3074
 0.3074
 0.3074
 0.3074
 0.3074
 0.3074
 0.3074
 0.3074
 0.3074
 0.3074
 0.3074
 0.3074
 0.3074
 0.3074
 0.3074
 0.3074
 0.3074
 0.3074
 0.3074
 0.3074
 0.3074
 0.3074
 0.3074
 0.3074
 0.3074
 0.3074
 0.3074
 0.3074
 0.3074
 0.3074
 0.3074
 0.3074
 0.3074
 0.3074
 0.3074
 0.3074
 0.3074
 0.3074
 0.3074
 0.3074
 0.3074
 0.3074
 0.3074
 0.3074
 0.3074
 0.3074
 0.3074
 0.3074
 0.3074
 0.3074
 0.3074
 0.3074
 0.3074
 0.3074
 0.3074
 0.3074
 0.3074
 0.3074
 0.3074
 0.3074
 0.3074
 0.3074
 0.3074
 0.3074
 0.3074
 0.3074
 0.3074
 0.3074
 0.3074
 0.3074
 0.3074
 0.3074
 0.3074
 0.3074
 0.3074
 0.3074
 0.3074
 0.3074
 0.3074
 0.3074
 0.3074
 0.3074
 0.3074
 0.3074
 0.3074
 0.3074
 0.3074
 0.3074
 0.3074
 0.3074
 0.3074
 0.3074
 0.3074
 0.3074
 0.3074
 0.3074
 0.3074
 0.3074
 0.3074
 0.3074
 0.3074
 0.3074
 0.3074
 0.3074
 0.3074
 0.3074
 0.3074
 0.3074
 0.3074
 0.3074
 0.3074
 0.3074
 0.3074
 0.3074
 0.3074
 0.3074
 0.3074
 0.3074
 0.3074
 0.3074
 0.3074
 0.3074
 0.3074
 0.3074
 0.3074
 0.3074
 0.3074
 0.3074
 0.3074
 0.3074
 0.3074
 0.3074
 0.3074
 0.3074
 0.3074
 0.3074
 0.3074
 0.3074
 0.3074
 0.3074
 0.3074
 0.3074
 0.3074
 0.3074
 0.3074
 0.3074
 0.3074
 0.3074
 0.3074
 0.3074
 0.3074
 0.3074
 0.3074
 0.3074
 0.3074
 0.3074
 0.3074
 0.3074
 0.3074
 0.3074
 0.3074
 0.3074
 0.3074
 0.3074
 0.3074
 0.3074
 0.3074
 0.3074
 0.3074
 0.3074
 0.3074
 0.3074
 0.3074
 0.3074
 0.3074
 0.3074
 0.3074
 0.3074
 0.3074
 0.3074
 0.3074
 0.3074
 0.3074
 0.3074
 0.3074
 0.3074
 0.3074
 0.3074
 0.3074
 0.3074
 0.3074
 0.3074
 0.3074
 0.3074
 0.3074
 0.3074
 0.3074
 0.3074
 0.3074
 0.3074
 0.3074
 0.3074
 0.3074
 0.3074
 0.3074
 0.3074
 0.3074
 0.3074
 0.3074
 0.3074
 0.3074
 0.3074
 0.3074
 0.3074
 0.3074
 0.3074
 0.3074
 0.3074
 0.3074
 0.3074
 0.3074
 0.3074
 0.3074
 0.3074
 0.3074
 0.3074
 0.3074
 0.3074
 0.3074
 0.3074
 0.3074
 0.3074
 0.3074
 0.3074
 0.3074
 0.3074
 0.3074
 0.3074
 0.3074
 0.3074
 0.3074
 0.3074
 0.3074
 0.3074
 0.3074
 0.3074
 0.3074
 0.3074
 0.3074
 0.3074
 0.3074
 0.3074
 0.3074
 0.3074
 0.3074
 0.3074
 0.3074
 0.3074
 0.3074
 0.3074
 0.3074
 0.3074
 0.3074
 0.3074
 0.3074
 0.3074
 0.3074
 0.3074
 0.3074
 0.3074
 0.3074
 0.3074
 0.3074
 0.3074
 0.3074
 0.3074
 0.3074
 0.3074
 0.3074
 0.3074
 0.3074
 0.3074
 0.3074
 0.3074
 0.3074
 0.3074
 0.3074
 0.3074
 0.3074
 0.3074
 0.3074
 0.3074
 0.3074
 0.3074
 0.3074
 0.3074
 0.3074
 0.3074
 0.3074
 0.3074
 0.3074
 0.3074
 0.3074
 0.3074
 0.3074
 0.3074
 0.3074
 0.3074
 0.3074
 0.3074
 0.3074
 0.3074
 0.3074
 0.3074
 0.3074
 0.3074
 0.3074
 0.3074
 0.3074
 0.3074
 0.3074
 0.3074
 0.3074
 0.3074
 0.3074
 0.3074
 0.3074
 0.3074
 0.3074
 0.3074
 0.3074
 0.3074
 0.3074
 0.3074
 0.3074
 0.3074
 0.3074
 0.3074
 0.3074
 0.3074
 0.3074
 0.3074
 0.3074
 0.3074
 0.3074
 0.3074
 0.3074
 0.3074
 0.3074
 0.3074
 0.3074
 0.3074
 0.3074
 0.3074
 0.3074
 0.3074
 0.3074
 0.3074
 0.3074
 0.3074
 0.3074
 0.3074
 0.3074
 0.3074
 0.3074
 0.3074
 0.3074
 0.3074
 0.3074
 0.3074
 0.3074
 0.3074
 0.3074
 0.3074
 0.3074
 0.3074
 0.3074
 0.3074
 0.3074
 0.3074
 0.3074
 0.3074
 0.3074
 0.3074
 0.3074
 0.3074
 0.3074
 0.3074
 0.3074
 0.3074
 0.3074
 0.3074
 0.3074
 0.3074
 0.3074
 0.3074
 0.3074
 0.3074
 0.3074
 0.3074
 0.3074
 0.3074
 0.3074
 0.3074
 0.3074
 0.3074
 0.3074
 0.3074
 0.3074
 0.3074
 0.3074
 0.3074
 0.3074
 0.3074
 0.3074
 0.3074
 0.3074
 0.3074
 0.3074
 0.3074
 0.3074
 0.3074
 0.3074
 0.3074
 0.3074
 0.3074
 0.3074
 0.3074
 0.3074
 0.3074
 0.3074
 0.3074
 0.3074
 0.3074
 0.3074
 0.3074
 0.3074
 0.3074
 0.3074
 0.3074
 0.3074
 0.3074
 0.3074
 0.3074
 0.3074
 0.3074
 0.3074
 0.3074
 0.3074
 0.3074
 0.3074
 0.3074
 0.3074
 0.3074
 0.3074
 0.3074
 0.3074
 0.3074
 0.3074
 0.3074
 0.3074
 0.3074
 0.3074
 0.3074
 0.3074
 0.3074
 0.3074
 0.3074
 0.3074
 0.3074
 0.3074
 0.3074
 0.3074
 0.3074
 0.3074
 0.3074
 0.3074
 0.3074
 0.3074
 0.3074
 0.3074
 0.3074
 0.3074
 0.3074
 0.3074
 0.3074
 0.3074
 0.3074
 0.3074
 0.3074
 0.3074
 0.3074
 0.3074
 0.3074
 0.3074
 0.3074
 0.3074
 0.3074
 0.3074
 0.3074
 0.3074
 0.3074
 0.3074
 0.3074
 0.3074
 0.3074
 0.3074
 0.3074
 0.3074
 0.3074
 0.3074
 0.3074
 0.3074
 0.3074
 0.3074
 0.3074
 0.3074
 0.3074
 0.3074
 0.3074
 0.3074
 0.3074
 0.3074
 0.3074
 0.3074
 0.3074
 0.3074
 0.3074
 0.3074
 0.3074
 0.3074
 0.3074
 0.3074
 0.3074
 0.3074
 0.3074
 0.3074
 0.3074
 0.3074
 0.3074
 0.3074
 0.3074
 0.3074
 0.3074
 0.3074
 0.3074
 0.3074
 0.3074
 0.3074
 0.3074
 0.3074
 0.3074
 0.3074
 0.3074
 0.3074
 0.3074
 0.3074
 0.3074
 0.3074
 0.3074
 0.3074
 0.3074
 0.3074
 0.3074
 0.3074
 0.3074
 0.3074
 0.3074
 0.3074
 0.3074
 0.3074
 0.3074
 0.3074
 0.3074
 0.3074
 0.3074
 0.3074
 0.3074
 0.3074
 0.3074
 0.3074
 0.3074
 0.3074
 0.3074
 0.3074
 0.3074
 0.3074
 0.3074
 0.3074
 0.3074
 0.3074
 0.3074
 0.3074
 0.3074
 0.3074
 0.3074
 0.3074
 0.3074
 0.3074
 0.3074
 0.3074
 0.3074
 0.3074
 0.3074
 0.3074
 0.3074
 0.3074
 0.3074
 0.3074
 0.3074
 0.3074
 0.3074
 0.3074
 0.3074
 0.3074
 0.3074
 0.3074
 0.3074
 0.3074
 0.3074
 0.3074
 0.3074
 0.3074
 0.3074
 0.3074
 0.3074
 0.3074
 0.3074
 0.3074
 0.3074
 0.3074
 0.3074
 0.3074
 0.3074
 0.3074
 0.3074
 0.3074
 0.3074
 0.3074
 0.3074
 0.3074
 0.3074
 0.3074
 0.3074
 0.3074
 0.3074
 0.3074
 0.3074
 0.3074
 0.3074
 0.3074
 0.3074
 0.3074
 0.3074
 0.3074
 0.3074
 0.3074
 0.3074
 0.3074
 0.3074
 0.3074
 0.3074
 0.3074
 0.3074
 0.3074
 0.3074
 0.3074
 0.3074
 0.3074
 0.3074
 0.3074
 0.3074
 0.3074
 0.3074
 0.3074
 0.3074
 0.3074
 0.3074
 0.3074
 0.3074
 0.3074
 0.3074
 0.3074
 0.3074
 0.3074
 0.3074
 0.3074
 0.3074
 0.3074
 0.3074
 0.3074
 0.3074
 0.3074
 0.3074
 0.3074
 0.3074
 0.3074
 0.3074
 0.3074
 0.3074
 0.3074
 0.3074
 0.3074
 0.3074
 0.3074
 0.3074
 0.3074
 0.3074
 0.3074
 0.3074
 0.3074
 0.3074
 0.3074
 0.3074
 0.3074
 0.3074
 0.3074
 0.3074
 0.3074
 0.3074
 0.3074
 0.3074
 0.3074
 0.3074
 0.3074
 0.3074
 0.3074
 0.3074
 0.3074
 0.3074
 0.3074
 0.3074
 0.3074
 0.3074
 0.3074
 0.3074
 0.3074
 0.3074
 0.3074
 0.3074
 0.3074
 0.3074
 0.3074
 0.3074
 0.3074
 0.3074
 0.3074
 0.3074
 0.3074
 0.3074
 0.3074
 0.3074
 0.3074
 0.3074
 0.3074
 0.3074
 0.3074
 0.3074
 0.3074
 0.3074
 0.3074
 0.3074
 0.3074
 0.3074
 0.3074
 0.3074
 0.3074
 0.3074
 0.3074
 0.3074
 0.3074
 0.3074
 0.3074
 0.3074
 0.3074
 0.3074
 0.3074
 0.3074
 0.3074
 0.3074
 0.3074
 0.3074
 0.3074
 0.3074
 0.3074
 0.3074
 0.3074
 0.3074
 0.3074
 0.3074
 0.3074
 0.3074
 0.3074
 0.3074
 0.3074
 0.3074
 0.3074
 0.3074
 0.3074
 0.3074
 0.3074
 0.3074
 0.3074
 0.3074
 0.3074
 0.3074
 0.3074
 0.3074
 0.3074
 0.3074
 0.3074
 0.3074
 0.3074
 0.3074
 0.3074
 0.3074
 0.3074
 0.3074
 0.3074
 0.3074
 0.3074
 0.3074
 0.3074
 0.3074
 0.3074
 0.3074
 0.3074
 0.3074
 0.3074
 0.3074
 0.3074
 0.3074
 0.3074
 0.3074
 0.3074
 0.3074
 0.3074
 0.3074
 0.3074
 0.3074
 0.3074
 0.3074
 0.3074
 0.3074
 0.3074
 0.3074
 0.3074
 0.3074
 0.3074
 0.3074
 0.3074
 0.3074
 0.3074
 0.3074
 0.3074
 0.3074
 0.3074
 0.3074
 0.3074
 0.3074
 0.3074
 0.3074
 0.3074
 0.3074
 0.3074
 0.3074
 0.3074
 0.3074
 0.3074
 0.3074
 0.3074
 0.3074
 0.3074
 0.3074
 0.3074
 0.3074
 0.3074
 0.3074
 0.3074
 0.3074
 0.3074
 0.3074
 0.3074
 0.3074
 0.3074
 0.3074
 0.3074
 0.3074
 0.3074
 0.3074
 0.3074
 0.3074
 0.3074
 0.3074
 0.3074
 0.3074
 0.3074
 0.3074
 0.3074
 0.3074
 0.3074
 0.3074
 0.3074
 0.3074
 0.3074
 0.3074
 0.3074
 0.3074
 0.3074
 0.3074
 0.3074
 0.3074
 0.3074
 0.3074
 0.3074
 0.3074
 0.3074
 0.3074
 0.3074
 0.3074
 0.3074
 0.3074
 0.3074
 0.3074
 0.3074
 0.3074
 0.3074
 0.3074
 0.3074
 0.3074
 0.3074
 0.3074
 0.3074
 0.3074
 0.3074
 0.3074
 0.3074
 0.3074
 0.3074
 0.3074
 0.3074
 0.3074
 0.3074
 0.3074
 0.3074
 0.3074
 0.3074
 0.3074
 0.3074
 0.3074
 0.3074
 0.3074
 0.3074
 0.3074
 0.3074
 0.3074
 0.3074
 0.3074
 0.3074
 0.3074
 0.3074
 0.3074
 0.3074
 0.3074
 0.3074
 0.3074
 0.3074
 0.3074
 0.3074
 0.3074
 0.3074
 0.3074
 0.3074
 0.3074
 0.3074
 0.3074
 0.3074
 0.3074
 0.3074
 0.3074
 0.3074
 0.3074
 0.3074
 0.3074
 0.3074
 0.3074
 0.3074
 0.3074
 0.3074
 0.3074
 0.3074
 0.3074
 0.3074
 0.3074
 0.3074
 0.3074
 0.3074
 0.3074
 0.3074
 0.3074
 0.3074
 0.3074
 0.3074
 0.3074
 0.3074
 0.3074
 0.3074
 0.3074
 0.3074
 0.3074
 0.3074
 0.3074
 0.3074
 0.3074
 0.3074
 0.3074
 0.3074
 0.3074
 0.3074
 0.3074
 0.3074
 0.3074
 0.3074
 0.3074
 0.3074
 0.3074
 0.3074
 0.3074
 0.3074
 0.3074
 0.3074
 0.3074
 0.3074
 0.3074
 0.3074
 0.3074
 0.3074
 0.3074
 0.3074
 0.3074
 0.3074
 0.3074
 0.3074
 0.3074
 0.3074
 0.3074
 0.3074
 0.3074
 0.3074
 0.3074
 0.3074
 0.3074
 0.3074
 0.3074
 0.3074
 0.3074
 0.3074
 0.3074
 0.3074
 0.3074
 0.3074
 0.3074
 0.3074
 0.3074
 0.3074
 0.3074
 0.3074
 0.3074
 0.3074
 0.3074
 0.3074
 0.3074
 0.3074
 0.3074
 0.3074
 0.3074
 0.3074
 0.3074
 0.3074
 0.3074
 0.3074
 0.3074
 0.3074
 0.3074
 0.3074
 0.3074
 0.3074
 0.3074
 0.3074
 0.3074
 0.3074
 0.3074
 0.3074
 0.3074
 0.3074
 0.3074
 0.3074
 0.3074
 0.3074
 0.3074
 0.3074
 0.3074
 0.3074
 0.3074
 0.3074
 0.3074
 0.3074
 0.3074
 0.3074
 0.3074
 0.3074
 0.3074
 0.3074
 0.3074
 0.3074
 0.3074
 0.3074
 0.3074
 0.3074
 0.3074
 0.3074
 0.3074
 0.3074
 0.3074
 0.3074
 0.3074
 0.3074
 0.3074
 0.3074
 0.3074
 0.3074
 0.3074
 0.3074
 0.3074
 0.3074
 0.3074
 0.3074
 0.3074
 0.3074
 0.3074
 0.3074
 0.3074
 0.3074
 0.3074
 0.3074
 0.3074
 0.3074
 0.3074
 0.3074
 0.3074
 0.3074
 0.3074
 0.3074
 0.3074
 0.3074
 0.3074
 0.3074
 0.3074
 0.3074
 0.3074
 0.3074
 0.3074
 0.3074
 0.3074
 0.3074
 0.3074
 0.3074
 0.3074
 0.3074
 0.3074
 0.3074
 0.3074
 0.3074
 0.3074
 0.3074
 0.3074
 0.3074
 0.3074
 0.3074
 0.3074
 0.3074
 0.3074
 0.3074
 0.3074
 0.3074
 0.3074
 0.3074
 0.3074
 0.3074
 0.3074
 0.3074
 0.3074
 0.3074
 0.3074
 0.3074
 0.3074
 0.3074
 0.3074
 0.3074
 0.3074
 0.3074
 0.3074
 0.3074
 0.3074
 0.3074
 0.3074
 0.3074
 0.3074
 0.3074
 0.3074
 0.3074
 0.3074
 0.3074
 0.3074
 0.3074
 0.3074
 0.3074
 0.3074
 0.3074
 0.3074
 0.3074
 0.3074
 0.3074
 0.3074
 0.3074
 0.3074
 0.3074
 0.3074
 0.3074
 0.3074
 0.3074
 0.3074
 0.3074
 0.3074
 0.3074
 0.3074
 0.3074
 0.3074
 0.3074
 0.3074
 0.3074
 0.3074
 0.3074
 0.3074
 0.3074
 0.3074
 0.3074
 0.3074
 0.3074
 0.3074
 0.3074
 0.3074
 0.3074
 0.3074
 0.3074
 0.3074
 0.3074
 0.3074
 0.3074
 0.3074
 0.3074
 0.3074
 0.3074
 0.3074
 0.3074
 0.3074
 0.3074
 0.3074
 0.3074
 0.3074
 0.3074
 0.3074
 0.3074
 0.3074
 0.3074
 0.3074
 0.3074
 0.3074
 0.3074
 0.3074
 0.3074
 0.3074
 0.3074
 0.3074
 0.3074
 0.3074
 0.3074
 0.3074
 0.3074
 0.3074
 0.3074
 0.3074
 0.3074
 0.3074
 0.3074
 0.3074
 0.3074
 0.3074
 0.3074
 0.3074
 0.3074
 0.3074
 0.3074
 0.3074
 0.3074
 0.3074
 0.3074
 0.3074
 0.3074
 0.3074
 0.3074
 0.3074
 0.3074
 0.3074
 0.3074
 0.3074
 0.3074
 0.3074
 0.3074
 0.3074
 0.3074
 0.3074
 0.3074
 0.3074
 0.3074
 0.3074
 0.3074
 0.3074
 0.3074
 0.3074
 0.3074
 0.3074
 0.3074
 0.3074
 0.3074
 0.3074
 0.3074
 0.3074
 0.3074
 0.3074
 0.3074
 0.3074
 0.3074
 0.3074
 0.3074
 0.3074
 0.3074
 0.3074
 0.3074
 0.3074
 0.3074
 0.3074
 0.3074
 0.3074
 0.3074
 0.3074
 0.3074
 0.3074
 0.3074
 0.3074
 0.3074
 0.3074
 0.3074
 0.3074
 0.3074
 0.3074
 0.3074
 0.3074
 0.3074
 0.3074
 0.3074
 0.3074
 0.3074
 0.3074
 0.3074
 0.3074
 0.3074
 0.3074
 0.3074
 0.3074
 0.3074
 0.3074
 0.3074
 0.3074
 0.3074
 0.3074
 0.3074
 0.3074
 0.3074
 0.3074
 0.3074
 0.3074
 0.3074
 0.3074
 0.3074
 0.3074
 0.3074
 0.3074
 0.3074
 0.3074
 0.3074
 0.3074
 0.3074
 0.3074
 0.3074
 0.3074
 0.3074
 0.3074
 0.3074
 0.3074
 0.3074
 0.3074
 0.3074
 0.3074
 0.3074
 0.3074
 0.3074
 0.3074
 0.3074
 0.3074
 0.3074
 0.3074
 0.3074
 0.3074
 0.3074
 0.3074
 0.3074
 0.3074
 0.3074
 0.3074
 0.3074
 0.3074
 0.3074
 0.3074
 0.3074
 0.3074
 0.3074
 0.3074
 0.3074
 0.3074
 0.3074
 0.3074
 0.3074
 0.3074
 0.3074
 0.3074
 0.3074
 0.3074
 0.3074
 0.3074
 0.3074
 0.3074
 0.3074
 0.3074
 0.3074
 0.3074
 0.3074
 0.3074
 0.3074
 0.3074
 0.3074
 0.3074
 0.3074
 0.3074
 0.3074
 0.3074
 0.3074
 0.3074
 0.3074
 0.3074
 0.3074
 0.3074
 0.3074
 0.3074
 0.3074
 0.3074
 0.3074
 0.3074
 0.3074
 0.3074
 0.3074
 0.3074
 0.3074
 0.3074
 0.3074
 0.3074
 0.3074
 0.3074
 0.3074
 0.3074
 0.3074
 0.3074
 0.3074
 0.3074
 0.3074
 0.3074
 0.3074
 0.3074
 0.3074
 0.3074
 0.3074
 0.3074
 0.3074
 0.3074
 0.3074
 0.3074
 0.3074
 0.3074
 0.3074
 0.3074
 0.3074
 0.3074
 0.3074
 0.3074
 0.3074
 0.3074
 0.3074
 0.3074
 0.3074
 0.3074
 0.3074
 0.3074
 0.3074
 0.3074
 0.3074
 0.3074
 0.3074
 0.3074
 0.3074
 0.3074
 0.3074
 0.3074
 0.3074
 0.3074
 0.3074
 0.3074
 0.3074
 0.3074
 0.3074
 0.3074
 0.3074
 0.3074
 0.3074
 0.3074
 0.3074
 0.3074
 0.3074
 0.3074
 0.3074
 0.3074
 0.3074
 0.3074
 0.3074
 0.3074
 0.3074
 0.3074
 0.3074
 0.3074
 0.3074
 0.3074
 0.3074
 0.3074
 0.3074
 0.3074
 0.3074
 0.3074
 0.3074
 0.3074
 0.3074
 0.3074
 0.3074
 0.3074
 0.3074
 0.3074
 0.3074
 0.3074
 0.3074
 0.3074
 0.3074
 0.3074
 0.3074
 0.3074
 0.3074
 0.3074
 0.3074
 0.3074
 0.3074
 0.3074
 0.3074
 0.3074
 0.3074
 0.3074
 0.3074
 0.3074
 0.3074
 0.3074
 0.3074
 0.3074
 0.3074
 0.3074
 0.3074
 0.3074
 0.3074
 0.3074
 0.3074
 0.3074
 0.3074
 0.3074
 0.3074
 0.3074
 0.3074
 0.3074
 0.3074
 0.3074
 0.3074
 0.3074
 0.3074
 0.3074
 0.3074
 0.3074
 0.3074
 0.3074
 0.3074
 0.3074
 0.3074
 0.3074
 0.3074
 0.3074
 0.3074
 0.3074
 0.3074
 0.3074
 0.3074
 0.3074
 0.3074
 0.3074
 0.3074
 0.3074
 0.3074
 0.3074
 0.3074
 0.3074
 0.3074
 0.3074
 0.3074
 0.3074
 0.3074
 0.3074
 0.3074
 0.3074
 0.3074
 0.3074
 0.3074
 0.3074
 0.3074
 0.3074
 0.3074
 0.3074
 0.3074
 0.3074
 0.3074
 0.3074
 0.3074
 0.3074
 0.3074
 0.3074
 0.3074
 0.3074
 0.3074
 0.3074
 0.3074
 0.3074
 0.3074
 0.3074
 0.3074
 0.3074
 0.3074
 0.3074
 0.3074
 0.3074
 0.3074
 0.3074
 0.3074
 0.3074
 0.3074
 0.3074
 0.3074
 0.3074
 0.3074
 0.3074
 0.3074
 0.3074
 0.3074
 0.3074
 0.3074
 0.3074
 0.3074
 0.3074
 0.3074
 0.3074
 0.3074
 0.3074
 0.3074
 0.3074
 0.3074
 0.3074
 0.3074
 0.3074
 0.3074
 0.3074
 0.3074
 0.3074
 0.3074
 0.3074
 0.3074
 0.3074
 0.3074
 0.3074
 0.3074
 0.3074
 0.3074
 0.3074
 0.3074
 0.3074
 0.3074
 0.3074
 0.3074
 0.3074
 0.3074
 0.3074
 0.3074
 0.3074
 0.3074
 0.3074
 0.3074
 0.3074
 0.3074
 0.3074
 0.3074
 0.3074
 0.3074
 0.3074
 0.3074
 0.3074
 0.3074
 0.3074
 0.3074
 0.3074
 0.3074
 0.3074
 0.3074
 0.3074
 0.3074
 0.3074
 0.3074
 0.3074
 0.3074
 0.3074
 0.3074
 0.3074
 0.3074
 0.3074
 0.3074
 0.3074
 0.3074
 0.3074
 0.3074
 0.3074
 0.3074
 0.3074
 0.3074
 0.3074
 0.3074
 0.3074
 0.3074
 0.3074
 0.3074
 0.3074
 0.3074
 0.3074
 0.3074
 0.3074
 0.3074
 0.3074
 0.3074
 0.3074
 0.3074
 0.3074
 0.3074
 0.3074
 0.3074
 0.3074
 0.3074
 0.3074
 0.3074
 0.3074
 0.3074
 0.3074
 0.3074
 0.3074
 0.3074
 0.3074
 0.3074
 0.3074
 0.3074
 0.3074
 0.3074
 0.3074
 0.3074
 0.3074
 0.3074
 0.3074
 0.3074
 0.3074
 0.3074
 0.3074
 0.3074
 0.3074
 0.3074
 0.3074
 0.3074
 0.3074
 0.3074
 0.3074
 0.3074
 0.3074
 0.3074
 0.3074
 0.3074
 0.3074
 0.3074
 0.3074
 0.3074
 0.3074
 0.3074
 0.3074
 0.3074
 0.3074
 0.3074
 0.3074
 0.3074
 0.3074
 0.3074
 0.3074
 0.3074
 0.3074
 0.3074
 0.3074
 0.3074
 0.3074
 0.3074
 0.3074
 0.3074
 0.3074
 0.3074
 0.3074
 0.3074
 0.3074
 0.3074
 0.3074
 0.3074
 0.3074
 0.3074
 0.3074
 0.3074
 0.3074
 0.3074
 0.3074
 0.3074
 0.3074
 0.3074
 0.3074
 0.3074
 0.3074
 0.3074
 0.3074
 0.3074
 0.3074
 0.3074
 0.3074
 0.3074
 0.3074
 0.3074
 0.3074
 0.3074
 0.3074
 0.3074
 0.3074
 0.3074
 0.3074
 0.3074
 0.3074
 0.3074
 0.3074
 0.3074
 0.3074
 0.3074
 0.3074
 0.3074
 0.3074
 0.3074
 0.3074
 0.3074
 0.3074
 0.3074
 0.3074
 0.3074
 0.3074
 0.3074
 0.3074
 0.3074
 0.3074
 0.3074
 0.3074
 0.3074
 0.3074
 0.3074
 0.3074
 0.3074
 0.3074
 0.3074
 0.3074
 0.3074
 0.3074
 0.3074
 0.3074
 0.3074
 0.3074
 0.3074
 0.3074
 0.3074
 0.3074
 0.3074
 0.3074
 0.3074
 0.3074
 0.3074
 0.3074
 0.3074
 0.3074
 0.3074
 0.3074
 0.3074
 0.3074
 0.3074
 0.3074
 0.3074
 0.3074
 0.3074
 0.3074
 0.3074
 0.3074
 0.3074
 0.3074
 0.3074
 0.3074
 0.3074
 0.3074
 0.3074
 0.3074
 0.3074
 0.3074
 0.3074
 0.3074
 0.3074
 0.3074
 0.3074
 0.3074
 0.3074
 0.3074
 0.3074
 0.3074
 0.3074
 0.3074
 0.3074
 0.3074
 0.3074
 0.3074
 0.3074
 0.3074
 0.3074
 0.3074
 0.3074
 0.3074
 0.3074
 0.3074
 0.3074
 0.3074
 0.3074
 0.3074
 0.3074
 0.3074
 0.3074
 0.3074
 0.3074
 0.3074
 0.3074
 0.3074
 0.3074
 0.3074
 0.3074
 0.3074
 0.3074
 0.3074
 0.3074
 0.3074
 0.3074
 0.3074
 0.3074
 0.3074
 0.3074
 0.3074
 0.3074
 0.3074
 0.3074
 0.3074
 0.3074
 0.3074
 0.3074
 0.3074
 0.3074
 0.3074
 0.3074
 0.3074
 0.3074
 0.3074
 0.3074
 0.3074
 0.3074
 0.3074
 0.3074
 0.3074
 0.3074
 0.3074
 0.3074
 0.3074
 0.3074
 0.3074
 0.3074
 0.3074
 0.3074
 0.3074
 0.3074
 0.3074
 0.3074
 0.3074
 0.3074
 0.3074
 0.3074
 0.3074
 0.3074
 0.3074
 0.3074
 0.3074
 0.3074
 0.3074
 0.3074
 0.3074
 0.3074
 0.3074
 0.3074
 0.3074
 0.3074
 0.3074
 0.3074
 0.3074
 0.3074
 0.3074
 0.3074
 0.3074
 0.3074
 0.3074
 0.3074
 0.3074
 0.3074
 0.3074
 0.3074
 0.3074
 0.3074
 0.3074
 0.3074
 0.3074
 0.3074
 0.3074
 0.3074
 0.3074
 0.3074
 0.3074
 0.3074
 0.3074
 0.3074
 0.3074
 0.3074
 0.3074
 0.3074
 0.3074
 0.3074
 0.3074
 0.3074
 0.3074
 0.3074
 0.3074
 0.3074
 0.3074
 0.3074
 0.3074
 0.3074
 0.3074
 0.3074
 0.3074
 0.3074
 0.3074
 0.3074
 0.3074
 0.3074
 0.3074
 0.3074
 0.3074
 0.3074
 0.3074
 0.3074
 0.3074
 0.3074
 0.3074
 0.3074
 0.3074
 0.3074
 0.3074
 0.3074
 0.3074
 0.3074
 0.3074
 0.3074
 0.3074
 0.3074
 0.3074
 0.3074
 0.3074
 0.3074
 0.3074
 0.3074
 0.3074
 0.3074
 0.3074
 0.3074
 0.3074
 0.3074
 0.3074
 0.3074
 0.3074
 0.3074
 0.3074
 0.3074
 0.3074
 0.3074
 0.3074
 0.3074
 0.3074
 0.3074
 0.3074
 0.3074
 0.3074
 0.3074
 0.3074
 0.3074
 0.3074
 0.3074
 0.3074
 0.3074
 0.3074
 0.3074
 0.3074
 0.3074
 0.3074
 0.3074
 0.3074
 0.3074
 0.3074
 0.3074
 0.3074
 0.3074
 0.3074
 0.3074
 0.3074
 0.3074
 0.3074
 0.3074
 0.3074
 0.3074
 0.3074
 0.3074
 0.3074
 0.3074
 0.3074
 0.3074
 0.3074
 0.3074
 0.3074
 0.3074
 0.3074
 0.3074
 0.3074
 0.3074
 0.3074
 0.3074
 0.3074
 0.3074
 0.3074
 0.3074
 0.3074
 0.3074
 0.3074
 0.3074
 0.3074
 0.3074
 0.3074
 0.3074
 0.3074
 0.3074
 0.3074
 0.3074
 0.3074
 0.3074
 0.3074
 0.3074
 0.3074
 0.3074
 0.3074
 0.3074
 0.3074
 0.3074
 0.3074
 0.3074
 0.3074
 0.3074
 0.3074
 0.3074
 0.3074
 0.3074
 0.3074
 0.3074
 0.3074
 0.3074
 0.3074
 0.3074
 0.3074
 0.3074
 0.3074
 0.3074
 0.3074
 0.3074
 0.3074
 0.3074
 0.3074
 0.3074
 0.3074
 0.3074
 0.3074
 0.3074
 0.3074
 0.3074
 0.3074
 0.3074
 0.3074
 0.3074
 0.3074
 0.3074
 0.3074
 0.3074
 0.3074
 0.3074
 0.3074
 0.3074
 0.3074
 0.3074
 0.3074
 0.3074
 0.3074
 0.3074
 0.3074
 0.3074
 0.3074
 0.3074
 0.3074
 0.3074
 0.3074
 0.3074
 0.3074
 0.3074
 0.3074
 0.3074
 0.3074
 0.3074
 0.3074
 0.3074
 0.3074
 0.3074
 0.3074
 0.3074
 0.3074
 0.3074
 0.3074
 0.3074
 0.3074
 0.3074
 0.3074
 0.3074
 0.3074
 0.3074
 0.3074
 0.3074
 0.3074
 0.3074
 0.3074
 0.3074
 0.3074
 0.3074
 0.3074
 0.3074
 0.3074
 0.3074
 0.3074
 0.3074
 0.3074
 0.3074
 0.3074
 0.3074
 0.3074
 0.3074
 0.3074
 0.3074
 0.3074
 0.3074
 0.3074
 0.3074
 0.3074
 0.3074
 0.3074
 0.3074
 0.3074
 0.3074
 0.3074
 0.3074
 0.3074
 0.3074
 0.3074
 0.3074
 0.3074
 0.3074
 0.3074
 0.3074
 0.3074
 0.3074
 0.3074
 0.3074
 0.3074
 0.3074
 0.3074
 0.3074
 0.3074
 0.3074
 0.3074
 0.3074
 0.3074
 0.3074
 0.3074
 0.3074
 0.3074
 0.3074
 0.3074
 0.3074
 0.3074
 0.3074
 0.3074
 0.3074
 0.3074
 0.3074
 0.3074
 0.3074
 0.3074
 0.3074
 0.3074
 0.3074
 0.3074
 0.3074
 0.3074
 0.3074
 0.3074
 0.3074
 0.3074
 0.3074
 0.3074
 0.3074
 0.3074
 0.3074
 0.3074
 0.3074
 0.3074
 0.3074
 0.3074
 0.3074
 0.3074
 0.3074
 0.3074
 0.3074
 0.3074
 0.3074
 0.3074
 0.3074
 0.3074
 0.3074
 0.3074
 0.3074
 0.3074
 0.3074
 0.3074
 0.3074
 0.3074
 0.3074
 0.3074
 0.3074
 0.3074
 0.3074
 0.3074
 0.3074
 0.3074
 0.3074
 0.3074
 0.3074
 0.3074
 0.3074
 0.3074
 0.3074
 0.3074
 0.3074
 0.3074
 0.3074
 0.3074
 0.3074
 0.3074
 0.3074
 0.3074
 0.3074
 0.3074
 0.3074
 0.3074
 0.3074
 0.3074
 0.3074
 0.3074
 0.3074
 0.3074
 0.3074
 0.3074
 0.3074
 0.3074
 0.3074
 0.3074
 0.3074
 0.3074
 0.3074
 0.3074
 0.3074
 0.3074
 0.3074
 0.3074
 0.3074
 0.3074
 0.3074
 0.3074
 0.3074
 0.3074
 0.3074
 0.3074
 0.3074
 0.3074
 0.3074
 0.3074
 0.3074
 0.3074
 0.3074
 0.3074
 0.3074
 0.3074
 0.3074
 0.3074
 0.3074
 0.3074
 0.3074
 0.3074
 0.3074
 0.3074
 0.3074
 0.3074
 0.3074
 0.3074
 0.3074
 0.3074
 0.3074
 0.3074
 0.3074
 0.3074
 0.3074
 0.3074
 0.3074
 0.3074
 0.3074
 0.3074
 0.3074
 0.3074
 0.3074
 0.3074
 0.3074
 0.3074
 0.3074
 0.3074
 0.3074
 0.3074
 0.3074
 0.3074
 0.3074
 0.3074
 0.3074
 0.3074
 0.3074
 0.3074
 0.3074
 0.3074
 0.3074
 0.3074
 0.3074
 0.3074
 0.3074
 0.3074
 0.3074
 0.3074
 0.3074
 0.3074
 0.3074
 0.3074
 0.3074
 0.3074
 0.3074
 0.3074
 0.3074
 0.3074
 0.3074
 0.3074
 0.3074
 0.3074
 0.3074
 0.3074
 0.3074
 0.3074
 0.3074
 0.3074
 0.3074
 0.3074
 0.3074
 0.3074
 0.3074
 0.3074
 0.3074
 0.3074
 0.3074
 0.3074
 0.3074
 0.3074
 0.3074
 0.3074
 0.3074
 0.3074
 0.3074
 0.3074
 0.3074
 0.3074
 0.3074
 0.3074
 0.3074
 0.3074
 0.3074
 0.3074
 0.3074
 0.3074
 0.3074
 0.3074
 0.3074
 0.3074
 0.3074
 0.3074
 0.3074
 0.3074
 0.3074
 0.3074
 0.3074
 0.3074
 0.3074
 0.3074
 0.3074
 0.3074
 0.3074
 0.3074
 0.3074
 0.3074
 0.3074
 0.3074
 0.3074
 0.3074
 0.3074
 0.3074
 0.3074
 0.3074
 0.3074
 0.3074
 0.3074
 0.3074
 0.3074
 0.3074
 0.3074
 0.3074
 0.3074
 0.3074
 0.3074
 0.3074
 0.3074
 0.3074
 0.3074
 0.3074
 0.3074
 0.3074
 0.3074
 0.3074
 0.3074
 0.3074
 0.3074
 0.3074
 0.3074
 0.3074
 0.3074
 0.3074
 0.3074
 0.3074
 0.3074
 0.3074
 0.3074
 0.3074
 0.3074
 0.3074
 0.3074
 0.3074
 0.3074
 0.3074
 0.3074
 0.3074
 0.3074
 0.3074
 0.3074
 0.3074
 0.3074
 0.3074
 0.3074
 0.3074
 0.3074
 0.3074
 0.3074
 0.3074
 0.3074
 0.3074
 0.3074
 0.3074
 0.3074
 0.3074
 0.3074
 0.3074
 0.3074
 0.3074
 0.3074
 0.3074
 0.3074
 0.3074
 0.3074
 0.3074
 0.3074
 0.3074
 0.3074
 0.3074
 0.3074
 0.3074
 0.3074
 0.3074
 0.3074
 0.3074
 0.3074
 0.3074
 0.3074
 0.3074
 0.3074
 0.3074
 0.3074
 0.3074
 0.3074
 0.3074
 0.3074
 0.3074
 0.3074
 0.3074
 0.3074
 0.3074
 0.3074
 0.3074
 0.3074
 0.3074
 0.3074
 0.3074
 0.3074
 0.3074
 0.3074
 0.3074
 0.3074
 0.3074
 0.3074
 0.3074
 0.3074
 0.3074
 0.3074
 0.3074
 0.3074
 0.3074
 0.3074
 0.3074
 0.3074
 0.3074
 0.3074
 0.3074
 0.3074
 0.3074
 0.3074
 0.3074
 0.3074
 0.3074
 0.3074
 0.3074
 0.3074
 0.3074
 0.3074
 0.3074
 0.3074
 0.3074
 0.3074
 0.3074
 0.3074
 0.3074
 0.3074
 0.3074
 0.3074
 0.3074
 0.3074
 0.3074
 0.3074
 0.3074
 0.3074
 0.3074
 0.3074
 0.3074
 0.3074
 0.3074
 0.3074
 0.3074
 0.3074
 0.3074
 0.3074
 0.3074
 0.3074
 0.3074
 0.3074
 0.3074
 0.3074
 0.3074
 0.3074
 0.3074
 0.3074
 0.3074
 0.3074
 0.3074
 0.3074
 0.3074
 0.3074
 0.3074
 0.3074
 0.3074
 0.3074
 0.3074
 0.3074
 0.3074
 0.3074
 0.3074
 0.3074
 0.3074
 0.3074
 0.3074
 0.3074
 0.3074
 0.3074
 0.3074
 0.3074
 0.3074
 0.3074
 0.3074
 0.3074
 0.3074
 0.3074
 0.3074
 0.3074
 0.3074
 0.3074
 0.3074
 0.3074
 0.3074
 0.3074
 0.3074
 0.3074
 0.3074
 0.3074
 0.3074
 0.3074
 0.3074
 0.3074
 0.3074
 0.3074
 0.3074
 0.3074
 0.3074
 0.3074
 0.3074
 0.3074
 0.3074
 0.3074
 0.3074
 0.3074
 0.3074
 0.3074
 0.3074
 0.3074
 0.3074
 0.3074
 0.3074
 0.3074
 0.3074
 0.3074
 0.3074
 0.3074
 0.3074
 0.3074
 0.3074
 0.3074
 0.3074
 0.3074
 0.3074
 0.3074
 0.3074
 0.3074
 0.3074
 0.3074
 0.3074
 0.3074
 0.3074
 0.3074
 0.3074
 0.3074
 0.3074
 0.3074
 0.3074
 0.3074
 0.3074
 0.3074
 0.3074
 0.3074
 0.3074
 0.3074
 0.3074
 0.3074
 0.3074
 0.3074
 0.3074
 0.3074
 0.3074
 0.3074
 0.3074
 0.3074
 0.3074
 0.3074
 0.3074
 0.3074
 0.3074
 0.3074
 0.3074
 0.3074
 0.3074
 0.3074
 0.3074
 0.3074
 0.3074
 0.3074
 0.3074
 0.3074
 0.3074
 0.3074
 0.3074
 0.3074
 0.3074
 0.3074
 0.3074
 0.3074
 0.3074
 0.3074
 0.3074
 0.3074
 0.3074
 0.3074
 0.3074
 0.3074
 0.3074
 0.3074
 0.3074
 0.3074
 0.3074
 0.3074
 0.3074
 0.3074
 0.3074
 0.3074
 0.3074
 0.3074
 0.3074
 0.3074
 0.3074
 0.3074
 0.3074
 0.3074
 0.3074
 0.3074
 0.3074
 0.3074
 0.3074
 0.3074
 0.3074
 0.3074
 0.3074
 0.3074
 0.3074
 0.3074
 0.3074
 0.3074
 0.3074
 0.3074
 0.3074
 0.3074
 0.3074
 0.3074
 0.3074
 0.3074
 0.3074
 0.3074
 0.3074
 0.3074
 0.3074
 0.3074
 0.3074
 0.3074
 0.3074
 0.3074
 0.3074
 0.3074
 0.3074
 0.3074
 0.3074
 0.3074
 0.3074
 0.3074
 0.3074
 0.3074
 0.3074
 0.3074
 0.3074
 0.3074
 0.3074
 0.3074
 0.3074
 0.3074
 0.3074
 0.3074
 0.3074
 0.3074
 0.3074
 0.3074
 0.3074
 0.3074
 0.3074
 0.3074
 0.3074
 0.3074
 0.3074
 0.3074
 0.3074
 0.3074
 0.3074
 0.3074
 0.3074
 0.3074
 0.3074
 0.3074
 0.3074
 0.3074
 0.3074
 0.3074
 0.3074
 0.3074
 0.3074
 0.3074
 0.3074
 0.3074
 0.3074
 0.3074
 0.3074
 0.3074
 0.3074
 0.3074
 0.3074
 0.3074
 0.3074
 0.3074
 0.3074
 0.3074
 0.3074
 0.3074
 0.3074
 0.3074
 0.3074
 0.3074
 0.3074
 0.3074
 0.3074
 0.3074
 0.3074
 0.3074
 0.3074
 0.3074
 0.3074
 0.3074
 0.3074
 0.3074
 0.3074
 0.3074
 0.3074
 0.3074
 0.3074
 0.3074
 0.3074
 0.3074
 0.3074
 0.3074
 0.3074
 0.3074
 0.3074
 0.3074
 0.3074
 0.3074
 0.3074
 0.3074
 0.3074
 0.3074
 0.3074
 0.3074
 0.3074
 0.3074
 0.3074
 0.3074
 0.3074
 0.3074
 0.3074
 0.3074
 0.3074
 0.3074
 0.3074
 0.3074
 0.3074
 0.3074
 0.3074
 0.3074
 0.3074
 0.3074
 0.3074
 0.3074
 0.3074
 0.3074
 0.3074
 0.3074
 0.3074
 0.3074
 0.3074
 0.3074
 0.3074
 0.3074
 0.3074
 0.3074
 0.3074
 0.3074
 0.3074
 0.3074
 0.3074
 0.3074
 0.3074
 0.3074
 0.3074
 0.3074
 0.3074
 0.3074
 0.3074
 0.3074
 0.3074
 0.3074
 0.3074
 0.3074
 0.3074
 0.3074
 0.3074
 0.3074
 0.3074
 0.3074
 0.3074
 0.3074
 0.3074
 0.3074
 0.3074
 0.3074
 0.3074
 0.3074
 0.3074
 0.3074
 0.3074
 0.3074
 0.3074
 0.3074
 0.3074
 0.3074
 0.3074
 0.3074
 0.3074
 0.3074
 0.3074
 0.3074
 0.3074
 0.3074
 0.3074
 0.3074
 0.3074
 0.3074
 0.3074
 0.3074
 0.3074
 0.3074
 0.3074
 0.3074
 0.3074
 0.3074
 0.3074
 0.3074
 0.3074
 0.3074
 0.3074
 0.3074
 0.3074
 0.3074
 0.3074
 0.3074
 0.3074
 0.3074
 0.3074
 0.3074
 0.3074
 0.3074
 0.3074
 0.3074
 0.3074
 0.3074
 0.3074
 0.3074
 0.3074
 0.3074
 0.3074
 0.3074
 0.3074
 0.3074
 0.3074
 0.3074
 0.3074
 0.3074
 0.3074
 0.3074
 0.3074
 0.3074
 0.3074
 0.3074
 0.3074
 0.3074
 0.3074
 0.3074
 0.3074
 0.3074
 0.3074
 0.3074
 0.3074
 0.3074
 0.3074
 0.3074
 0.3074
 0.3074
 0.3074
 0.3074
 0.3074
 0.3074
 0.3074
 0.3074
 0.3074
 0.3074
 0.3074
 0.3074
 0.3074
 0.3074
 0.3074
 0.3074
 0.3074
 0.3074
 0.3074
 0.3074
 0.3074
 0.3074
 0.3074
 0.3074
 0.3074
 0.3074
 0.3074
 0.3074
 0.3074
 0.3074
 0.3074
 0.3074
 0.3074
 0.3074
 0.3074
 0.3074
 0.3074
 0.3074
 0.3074
 0.3074
 0.3074
 0.3074
 0.3074
 0.3074
 0.3074
 0.3074
 0.3074
 0.3074
 0.3074
 0.3074
 0.3074
 0.3074
 0.3074
 0.3074
 0.3074
 0.3074
 0.3074
 0.3074
 0.3074
 0.3074
 0.3074
 0.3074
 0.3074
 0.3074
 0.3074
 0.3074
 0.3074
 0.3074
 0.3074
 0.3074
 0.3074
 0.3074
 0.3074
 0.3074
 0.3074
 0.3074
 0.3074
 0.3074
 0.3074
 0.3074
 0.3074
 0.3074
 0.3074
 0.3074
 0.3074
 0.3074
 0.3074
 0.3074
 0.3074
 0.3074
 0.3074
 0.3074
 0.3074
 0.3074
 0.3074
 0.3074
 0.3074
 0.3074
 0.3074
 0.3074
 0.3074
 0.3074
 0.3074
 0.3074
 0.3074
 0.3074
 0.3074
 0.3074
 0.3074
 0.3074
 0.3074
 0.3074
 0.3074
 0.3074
 0.3074
 0.3074
 0.3074
 0.3074
 0.3074
 0.3074
 0.3074
 0.3074
 0.3074
 0.3074
 0.3074
 0.3074
 0.3074
 0.3074
 0.3074
 0.3074
 0.3074
 0.3074
 0.3074
 0.3074
 0.3074
 0.3074
 0.3074
 0.3074
 0.3074
 0.3074
 0.3074
 0.3074
 0.3074
 0.3074
 0.3074
 0.3074
 0.3074
 0.3074
 0.3074
 0.3074
 0.3074
 0.3074
 0.3074
 0.3074
 0.3074
 0.3074
 0.3074
 0.3074
 0.3074
 0.3074
 0.3074
 0.3074
 0.3074
 0.3074
 0.3074
 0.3074
 0.3074
 0.3074
 0.3074
 0.3074
 0.3074
 0.3074
 0.3074
 0.3074
 0.3074
 0.3074
 0.3074
 0.3074
 0.3074
 0.3074
 0.3074
 0.3074
 0.3074
 0.3074
 0.3074
 0.3074
 0.3074
 0.3074
 0.3074
 0.3074
 0.3074
 0.3074
 0.3074
 0.3074
 0.3074
 0.3074
 0.3074
 0.3074
 0.3074
 0.3074
 0.3074
 0.3074
 0.3074
 0.3074
 0.3074
 0.3074
 0.3074
 0.3074
 0.3074
 0.3074
 0.3074
 0.3074
 0.3074
 0.3074
 0.3074
 0.3074
 0.3074
 0.3074
 0.3074
 0.3074
 0.3074
 0.3074
 0.3074
 0.3074
 0.3074
 0.3074
 0.3074
 0.3074
 0.3074
 0.3074
 0.3074
 0.3074
 0.3074
 0.3074
 0.3074
 0.3074
 0.3074
 0.3074
 0.3074
 0.3074
 0.3074
 0.3074
 0.3074
 0.3074
 0.3074
 0.3074
 0.3074
 0.3074
 0.3074
 0.3074
 0.3074
 0.3074
 0.3074
 0.3074
 0.3074
 0.3074
 0.3074
 0.3074
 0.3074
 0.3074
 0.3074
 0.3074
 0.3074
 0.3074
 0.3074
 0.3074
 0.3074
 0.3074
 0.3074
 0.3074
 0.3074
 0.3074
 0.3074
 0.3074
 0.3074
 0.3074
 0.3074
 0.3074
 0.3074
 0.3074
 0.3074
 0.3074
 0.3074
 0.3074
 0.3074
 0.3074
 0.3074
 0.3074
 0.3074
 0.3074
 0.3074
 0.3074
 0.3074
 0.3074
 0.3074
 0.3074
 0.3074
 0.3074
 0.3074
 0.3074
 0.3074
 0.3074
 0.3074
 0.3074
 0.3074
 0.3074
 0.3074
 0.3074
 0.3074
 0.3074
 0.3074
 0.3074
 0.3074
 0.3074
 0.3074
 0.3074
 0.3074
 0.3074
 0.3074
 0.3074
 0.3074
 0.3074
 0.3074
 0.3074
 0.3074
 0.3074
 0.3074
 0.3074
 0.3074
 0.3074
 0.3074
 0.3074
 0.3074
 0.3074
 0.3074
 0.3074
 0.3074
 0.3074
 0.3074
 0.3074
 0.3074
 0.3074
 0.3074
 0.3074
 0.3074
 0.3074
 0.3074
 0.3074
 0.3074
 0.3074
 0.3074
 0.3074
 0.3074
 0.3074
 0.3074
 0.3074
 0.3074
 0.3074
 0.3074
 0.3074
 0.3074
 0.3074
 0.3074
 0.3074
 0.3074
 0.3074
 0.3074
 0.3074
 0.3074
 0.3074
 0.3074
 0.3074
 0.3074
 0.3074
 0.3074
 0.3074
 0.3074
 0.3074
 0.3074
 0.3074
 0.3074
 0.3074
 0.3074
 0.3074
 0.3074
 0.3074
 0.3074
 0.3074
 0.3074
 0.3074
 0.3074
 0.3074
 0.3074
 0.3074
 0.3074
 0.3074
 0.3074
 0.3074
 0.3074
 0.3074
 0.3074
 0.3074
 0.3074
 0.3074
 0.3074
 0.3074
 0.3074
 0.3074
 0.3074
 0.3074
 0.3074
 0.3074
 0.3074
 0.3074
 0.3074
 0.3074
 0.3074
 0.3074
 0.3074
 0.3074
 0.3074
 0.3074
 0.3074
 0.3074
 0.3074
 0.3074
 0.3074
 0.3074
 0.3074
 0.3074
 0.3074
 0.3074
 0.3074
 0.3074
 0.3074
 0.3074
 0.3074
 0.3074
 0.3074
 0.3074
 0.3074
 0.3074
 0.3074
 0.3074
 0.3074
 0.3074
 0.3074
 0.3074
 0.3074
 0.3074
 0.3074
 0.3074
 0.3074
 0.3074
 0.3074
 0.3074
 0.3074
 0.3074
 0.3074
 0.3074
 0.3074
 0.3074
 0.3074
 0.3074
 0.3074
 0.3074
 0.3074
 0.3074
 0.3074
 0.3074
 0.3074
 0.3074
 0.3074
 0.3074
 0.3074
 0.3074
 0.3074
 0.3074
 0.3074
 0.3074
 0.3074
 0.3074
 0.3074
 0.3074
 0.3074
 0.3074
 0.3074
 0.3074
 0.3074
 0.3074
 0.3074
 0.3074
 0.3074
 0.3074
 0.3074
 0.3074
 0.3074
 0.3074
 0.3074
 0.3074
 0.3074
 0.3074
 0.3074
 0.3074
 0.3074
 0.3074
 0.3074
 0.3074
 0.3074
 0.3074
 0.3074
 0.3074
 0.3074
 0.3074
 0.3074
 0.3074
 0.3074
 0.3074
 0.3074
 0.3074
 0.3074
 0.3074
 0.3074
 0.3074
 0.3074
 0.3074
 0.3074
 0.3074
 0.3074
 0.3074
 0.3074
 0.3074
 0.3074
 0.3074
 0.3074
 0.3074
 0.3074
 0.3074
 0.3074
 0.3074
 0.3074
 0.3074
 0.3074
 0.3074
 0.3074
 0.3074
 0.3074
 0.3074
 0.3074
 0.3074
 0.3074
 0.3074
 0.3074
 0.3074
 0.3074
 0.3074
 0.3074
 0.3074
 0.3074
 0.3074
 0.3074
 0.3074
 0.3074
 0.3074
 0.3074
 0.3074
 0.3074
 0.3074
 0.3074
 0.3074
 0.3074
 0.3074
 0.3074
 0.3074
 0.3074
 0.3074
 0.3074
 0.3074
 0.3074
 0.3074
 0.3074
 0.3074
 0.3074
 0.3074
 0.3074
 0.3074
 0.3074
 0.3074
 0.3074
 0.3074
 0.3074
 0.3074
 0.3074
 0.3074
 0.3074
 0.3074
 0.3074
 0.3074
 0.3074
 0.3074
 0.3074
 0.3074
 0.3074
 0.3074
 0.3074
 0.3074
 0.3074
 0.3074
 0.3074
 0.3074
 0.3074
 0.3074
 0.3074
 0.3074
 0.3074
 0.3074
 0.3074
 0.3074
 0.3074
 0.3074
 0.3074
 0.3074
 0.3074
 0.3074
 0.3074
 0.3074
 0.3074
 0.3074
 0.3074
 0.3074
 0.3074
 0.3074
 0.3074
 0.3074
 0.3074
 0.3074
 0.3074
 0.3074
 0.3074
 0.3074
 0.3074
 0.3074
 0.3074
 0.3074
 0.3074
 0.3074
 0.3074
 0.3074
 0.3074
 0.3074
 0.3074
 0.3074
 0.3074
 0.3074
 0.3074
 0.3074
 0.3074
 0.3074
 0.3074
 0.3074
 0.3074
 0.3074
 0.3074
 0.3074
 0.3074
 0.3074
 0.3074
 0.3074
 0.3074
 0.3074
 0.3074
 0.3074
 0.3074
 0.3074
 0.3074
 0.3074
 0.3074
 0.3074
 0.3074
 0.3074
 0.3074
 0.3074
 0.3074
 0.3074
 0.3074
 0.3074
 0.3074
 0.3074
 0.3074
 0.3074
 0.3074
 0.3074
 0.3074
 0.3074
 0.3074
 0.3074
 0.3074
 0.3074
 0.3074
 0.3074
 0.3074
 0.3074
 0.3074
 0.3074
 0.3074
 0.3074
 0.3074
 0.3074
 0.3074
 0.3074
 0.3074
 0.3074
 0.3074
 0.3074
 0.3074
 0.3074
 0.3074
 0.3074
 0.3074
 0.3074
 0.3074
 0.3074
 0.3074
 0.3074
 0.3074
 0.3074
 0.3074
 0.3074
 0.3074
 0.3074
 0.3074
 0.3074
 0.3074
 0.3074
 0.3074
 0.3074
 0.3074
 0.3074
 0.3074
 0.3074
 0.3074
 0.3074
 0.3074
 0.3074
 0.3074
 0.3074
 0.3074
 0.3074
 0.3074
 0.3074
 0.3074
 0.3074
 0.3074
 0.3074
 0.3074
 0.3074
 0.3074
 0.3074
 0.3074
 0.3074
 0.3074
 0.3074
 0.3074
 0.3074
 0.3074
 0.3074
 0.3074
 0.3074
 0.3074
 0.3074
 0.3074
 0.3074
 0.3074
 0.3074
 0.3074
 0.3074
